# Exported from KOTORmax 0.4.1 at 12/16/2018 10:50:16 PM
# MODEL ASCII
#local file: C:\Users\ablanche\Documents\Modding\Kotor\STAR WARS Knights of the Old Republic\Works\w_warblade_001\moded_model.max
filedependancy moded_model.max
newmodel w_warblade_001
setsupermodel w_warblade_001 NULL
classification placeable
classification_unk1 0
ignorefog 0
setanimationscale 1.0
compress_quaternions 0
headlink 0


# GEOM ASCII
beginmodelgeom w_warblade_001
  bmin -5.0 -5.0 -1.0
  bmax 5.0 5.0 10.0
  radius 7.0
node dummy w_warblade_001
  parent NULL
endnode
node trimesh wookwarbld
  parent w_warblade_001
  position -0.00410004 0.0201729 -0.179553
  orientation 1.0 0.0 0.0 0.0
  scale 1.0
  alpha 1.0
  selfillumcolor 0.0 0.0 0.0
  diffuse 1.0 1.0 1.0
  ambient 1.0 1.0 1.0
  transparencyhint 0
  animateuv 0
  uvdirectionx 0.0
  uvdirectiony 0.0
  uvjitter 0.0
  uvjitterspeed 0.0
  lightmapped 0
  rotatetexture 0
  m_bIsBackgroundGeometry 0
  shadow 1
  beaming 0
  render 1
  dirt_enabled 0
  dirt_texture 1
  dirt_worldspace 1
  hologram_donotdraw 0
  tangentspace 0
  bitmap w_WBld_001
  verts 248
    -0.0112637 -0.0770889 -0.0882673
    0.0117224 -0.0770889 -0.0882673
    0.000227682 -0.119672 -0.0883268
    0.0117224 0.019917 -0.0882673
    -0.0112637 0.019917 -0.0882673
    0.00022765 0.0618996 -0.0883878
    -0.0112637 0.0157478 -0.0659086
    0.0117224 0.0157478 -0.0659086
    -0.00647065 0.0528689 -0.0658016
    0.00692931 0.0528689 -0.0658016
    0.0117224 -0.0744101 -0.0659086
    -0.0112637 -0.0744101 -0.0659086
    0.00692934 -0.110607 -0.0658016
    -0.00647062 -0.110607 -0.0658016
    0.0117224 0.0157478 -0.0659086
    0.0117224 0.019917 -0.0882673
    0.00692931 0.0528689 -0.0658016
    0.00022765 0.0618996 -0.0883878
    0.0117224 -0.0770889 -0.0882673
    0.00692934 -0.110607 -0.0658016
    0.000227682 -0.119672 -0.0883268
    0.0117224 -0.0744101 -0.0659086
    -0.0112637 -0.0744101 -0.0659086
    -0.0112637 -0.0770889 -0.0882673
    -0.00647062 -0.110607 -0.0658016
    0.000227682 -0.119672 -0.0883268
    -0.0112637 0.019917 -0.0882673
    -0.00647065 0.0528689 -0.0658016
    0.00022765 0.0618996 -0.0883878
    -0.0112637 0.0157478 -0.0659086
    0.0117224 -0.0770889 -0.0882673
    -0.0112637 -0.0770889 -0.0882673
    0.00392762 -0.0770889 -0.0951753
    -0.00346496 -0.0770889 -0.0951753
    0.00656189 0.0022464 -0.0953994
    0.0117224 0.019917 -0.0882673
    0.00485199 0.019917 -0.0956235
    0.000227966 -0.000853119 -0.0557604
    0.0101221 -0.00774429 -0.0568243
    0.00734985 -8.01073e-05 -0.0567606
    -0.00703796 2.3421e-05 -0.0569535
    -0.00703796 2.3421e-05 -0.0569535
    0.00734985 -8.01073e-05 -0.0567606
    -0.0112637 0.0157478 -0.0659086
    0.0117224 0.0157478 -0.0659086
    0.000227975 -0.0523299 -0.0557604
    -0.00968842 -0.00753189 -0.0568713
    -0.00690093 -0.0533313 -0.0567892
    0.00745606 -0.0533987 -0.056888
    0.00745606 -0.0533987 -0.056888
    -0.00690093 -0.0533313 -0.0567892
    0.0117224 -0.0744101 -0.0659086
    -0.0112637 -0.0744101 -0.0659086
    -0.00647065 0.0528689 -0.0658016
    0.00692931 0.0528689 -0.0658016
    0.00022765 0.0618996 -0.0883878
    0.00692934 -0.110607 -0.0658016
    -0.00647062 -0.110607 -0.0658016
    0.000227682 -0.119672 -0.0883268
    0.0101221 -0.00774429 -0.0568243
    -0.00968842 -0.00753189 -0.0568713
    0.000227682 -0.119672 0.389466
    0.0117224 -0.0770889 0.389609
    -0.0112637 -0.0770889 0.389609
    0.00022765 0.0618996 0.389527
    -0.0112637 0.019917 0.389609
    0.0117224 0.019917 0.389609
    -0.00647065 0.0528689 0.368131
    0.0117224 0.0157478 0.368238
    -0.0112637 0.0157478 0.368238
    0.00692931 0.0528689 0.368131
    0.00692934 -0.110607 0.368131
    -0.0112637 -0.0744101 0.368238
    0.0117224 -0.0744101 0.368238
    -0.00647062 -0.110607 0.368131
    0.00692931 0.0528689 0.368131
    0.0117224 0.019917 0.389609
    0.0117224 0.0157478 0.368238
    0.00022765 0.0618996 0.389527
    0.000227682 -0.119672 0.389466
    0.00692934 -0.110607 0.368131
    0.0117224 -0.0770889 0.389609
    0.0117224 -0.0744101 0.368238
    -0.00647062 -0.110607 0.368131
    -0.0112637 -0.0770889 0.389609
    -0.0112637 -0.0744101 0.368238
    0.000227682 -0.119672 0.389466
    0.00022765 0.0618996 0.389527
    -0.00647065 0.0528689 0.368131
    -0.0112637 0.019917 0.389609
    -0.0112637 0.0157478 0.368238
    0.00734985 -8.01073e-05 0.35909
    0.0101221 -0.00774429 0.359154
    0.000227966 -0.000853119 0.35809
    -0.00703796 2.33447e-05 0.359283
    -0.0112637 0.0157478 0.368238
    0.00734985 -8.01073e-05 0.35909
    -0.00703796 2.33447e-05 0.359283
    0.0117224 0.0157478 0.368238
    -0.00690093 -0.0533313 0.359119
    -0.00968842 -0.00753197 0.359201
    0.000227975 -0.0523299 0.35809
    0.00745606 -0.0533987 0.359217
    0.0117224 -0.0744101 0.368238
    -0.00690093 -0.0533313 0.359119
    0.00745606 -0.0533987 0.359217
    -0.0112637 -0.0744101 0.368238
    0.00022765 0.0618996 0.389527
    0.00692931 0.0528689 0.368131
    -0.00647065 0.0528689 0.368131
    0.000227682 -0.119672 0.389466
    -0.00647062 -0.110607 0.368131
    0.00692934 -0.110607 0.368131
    0.0101221 -0.00774429 0.359154
    -0.00968842 -0.00753197 0.359201
    0.0101221 -0.00774429 0.359154
    0.000227975 -0.0523299 0.35809
    0.0101221 -0.00761734 0.145905
    0.000227975 -0.0523299 0.145905
    0.000227966 -0.000853119 0.35809
    0.000227966 -0.000853119 0.145905
    -0.00968842 -0.00753197 0.359201
    -0.00968842 -0.00753197 0.144987
    -0.00357056 0.0172696 -0.0962939
    0.00391296 0.0172696 -0.0962939
    -0.00186462 0.0172779 -0.411756
    0.00222534 0.0172779 -0.411756
    0.000182813 -0.0761682 -0.0962938
    0.000179755 -0.0239307 -0.411756
    0.00391296 0.0172696 -0.0962939
    0.00222534 0.0172779 -0.411756
    -0.00357056 0.0172696 -0.0962939
    -0.00186462 0.0172779 -0.411756
    0.000182813 -0.0761682 -0.0962938
    0.000179755 -0.0239307 -0.411756
    -0.0112637 0.019917 -0.0882673
    -0.00414856 0.019917 -0.0956235
    -0.005979 0.0022464 -0.0953994
    -0.00357056 0.0172696 -0.0962939
    0.000182813 -0.0761682 -0.0962938
    -0.005979 0.0022464 -0.0953994
    -0.00346496 -0.0770889 -0.0951753
    0.00392762 -0.0770889 -0.0951753
    -0.00414856 0.019917 -0.0956235
    0.00656189 0.0022464 -0.0953994
    0.000182813 -0.0761682 -0.0962938
    0.00391296 0.0172696 -0.0962939
    0.00392762 -0.0770889 -0.0951753
    -0.00357056 0.0172696 -0.0962939
    0.00485199 0.019917 -0.0956235
    -0.00414856 0.019917 -0.0956235
    0.0117224 0.019917 0.389609
    -0.0112637 0.019917 0.389609
    0.00392761 0.019917 0.397718
    -0.00346497 0.019917 0.397718
    0.00391297 -0.0744415 0.398837
    -0.00357055 -0.0744415 0.398837
    0.004852 -0.0770889 0.398166
    -0.00414855 -0.077089 0.398166
    0.00658874 0.0022464 0.397942
    0.0117224 -0.0770889 0.389609
    0.004852 -0.0770889 0.398166
    -0.00357055 -0.0744415 0.398837
    0.00391297 -0.0744415 0.398837
    -0.0021054 -0.0744492 0.691874
    0.00246888 -0.0744492 0.691874
    0.000182797 0.0189963 0.398837
    0.000180056 -0.0218001 0.691874
    0.00391297 -0.0744415 0.398837
    0.00246888 -0.0744492 0.691874
    -0.00357055 -0.0744415 0.398837
    -0.0021054 -0.0744492 0.691874
    0.000182797 0.0189963 0.398837
    0.000180056 -0.0218001 0.691874
    -0.0112637 -0.0770889 0.389609
    -0.00414855 -0.077089 0.398166
    -0.00673401 0.0022464 0.397942
    0.00658874 0.0022464 0.397942
    0.00392761 0.019917 0.397718
    0.000182797 0.0189963 0.398837
    -0.00673401 0.0022464 0.397942
    -0.00346497 0.019917 0.397718
    0.000182797 0.0189963 0.398837
    0.00392761 0.019917 0.397718
    -0.00346497 0.019917 0.397718
    0.00391297 -0.0744415 0.398837
    0.000176695 0.0118633 1.1763
    -0.00139831 -0.0744584 1.14823
    0.000176701 -0.0256278 1.2237
    0.000176693 0.0232122 1.12884
    0.00017671 -0.0744617 1.2478
    0.00017671 -0.0744617 1.2478
    0.00175904 -0.0744584 1.14823
    0.000176701 -0.0256278 1.2237
    0.000176695 0.0118633 1.1763
    0.000176693 0.0232122 1.12884
    0.000176704 -0.0379659 -0.927965
    -0.000985416 0.0172867 -0.86125
    0.000176694 0.0172897 -0.951884
    0.000176709 -0.0696717 -0.889826
    0.00017671 -0.0761813 -0.83287
    0.000176709 -0.0696717 -0.889826
    0.00134033 0.0172867 -0.861347
    0.00017671 -0.0761813 -0.83287
    0.000176704 -0.0379659 -0.927965
    0.000176694 0.0172897 -0.951884
    0.00246888 -0.0744492 0.691874
    0.00214814 -0.0744534 1.05485
    -0.0021054 -0.0744492 0.691874
    -0.00178588 -0.0744534 1.05485
    0.000180056 -0.0218001 0.691874
    0.000178225 -0.0217968 1.05485
    0.00246888 -0.0744492 0.691874
    0.00214814 -0.0744534 1.05485
    -0.0021054 -0.0744492 0.691874
    -0.00178588 -0.0744534 1.05485
    0.000180056 -0.0218001 0.691874
    0.000178225 -0.0217968 1.05485
    0.00222534 0.0172779 -0.411756
    0.00181671 0.017282 -0.720088
    -0.00186462 0.0172779 -0.411756
    -0.00145843 0.017282 -0.720088
    0.000179755 -0.0239307 -0.411756
    0.000178229 -0.023934 -0.720088
    0.00222534 0.0172779 -0.411756
    0.00181671 0.017282 -0.720088
    -0.00186462 0.0172779 -0.411756
    -0.00145843 0.017282 -0.720088
    0.000179755 -0.0239307 -0.411756
    0.000178229 -0.023934 -0.720088
    0.00175904 -0.0744584 1.14823
    0.00017671 -0.0744617 1.2478
    -0.00139831 -0.0744584 1.14823
    0.000176693 0.0232122 1.12884
    0.00175904 -0.0744584 1.14823
    -0.00139831 -0.0744584 1.14823
    0.000176693 0.0232122 1.12884
    0.00134033 0.0172867 -0.861347
    0.000176694 0.0172897 -0.951884
    -0.000985416 0.0172867 -0.86125
    0.00017671 -0.0761813 -0.83287
    0.00134033 0.0172867 -0.861347
    -0.000985416 0.0172867 -0.86125
    0.00017671 -0.0761813 -0.83287
    0.000227975 -0.0523299 -0.0557604
    0.0101221 -0.00774429 -0.0568243
    0.000227966 -0.000853119 -0.0557604
    -0.00968842 -0.00753189 -0.0568713
  faces 176
    0 1 2  1  0 1 2  3
    3 4 5  1  3 4 5  4
    6 7 8  1  6 7 8  4
    9 8 7  1  9 8 7  4
    10 11 12  1  10 11 12  3
    13 12 11  1  13 12 11  3
    14 15 16  1  14 15 16  5
    17 16 15  1  17 16 15  5
    18 19 20  1  18 19 20  5
    19 18 21  1  19 18 21  5
    22 23 24  1  22 23 24  6
    25 24 23  1  25 24 23  6
    26 27 28  1  26 27 28  6
    27 26 29  1  27 26 29  6
    30 31 32  1  30 31 32  1
    31 33 32  1  31 33 32  1
    34 35 30  1  34 35 30  1
    35 34 36  1  35 34 36  1
    30 32 34  1  30 32 34  1
    18 15 14  1  18 15 14  5
    14 21 18  1  14 21 18  5
    26 23 22  1  26 23 22  6
    22 29 26  1  22 29 26  6
    37 38 39  1  37 38 39  2
    39 40 37  1  39 40 37  2
    41 42 43  1  41 42 43  2
    44 43 42  1  44 43 42  2
    45 46 47  1  45 46 47  2
    47 48 45  1  47 48 45  2
    49 50 51  1  49 50 51  2
    52 51 50  1  52 51 50  2
    53 54 55  1  53 54 55  4
    56 57 58  1  56 57 58  3
    59 44 42  1  59 44 42  2
    59 51 44  1  59 51 44  2
    49 51 59  1  49 51 59  2
    41 43 60  1  41 43 60  2
    60 43 52  1  60 43 52  2
    50 60 52  1  50 60 52  2
    48 38 45  1  48 38 45  2
    40 46 37  1  40 46 37  2
    61 62 63  1  61 62 63  3
    64 65 66  1  64 65 66  4
    67 68 69  1  67 68 69  4
    68 67 70  1  68 67 70  4
    71 72 73  1  71 72 73  3
    72 71 74  1  72 71 74  3
    75 76 77  1  75 76 77  5
    76 75 78  1  76 75 78  5
    79 80 81  1  79 80 81  5
    82 81 80  1  82 81 80  5
    83 84 85  1  83 84 85  6
    84 83 86  1  84 83 86  6
    87 88 89  1  87 88 89  6
    90 89 88  1  90 89 88  6
    77 76 81  1  77 76 81  5
    81 82 77  1  81 82 77  5
    85 84 89  1  85 84 89  6
    89 90 85  1  89 90 85  6
    91 92 93  1  91 92 93  2
    93 94 91  1  93 94 91  2
    95 96 97  1  95 96 97  2
    96 95 98  1  96 95 98  2
    99 100 101  1  99 100 101  2
    101 102 99  1  101 102 99  2
    103 104 105  1  103 104 105  2
    104 103 106  1  104 103 106  2
    107 108 109  1  107 108 109  4
    110 111 112  1  110 111 112  3
    96 98 113  1  96 98 113  2
    98 103 113  1  98 103 113  2
    113 103 105  1  113 103 105  2
    114 95 97  1  114 95 97  2
    106 95 114  1  106 95 114  2
    106 114 104  1  106 114 104  2
    115 116 117  1  115 116 117  2
    118 117 116  1  118 117 116  2
    119 115 117  1  119 115 117  2
    117 120 119  1  117 120 119  2
    121 119 122  1  121 119 122  2
    120 122 119  1  120 122 119  2
    116 121 122  1  116 121 122  2
    122 118 116  1  122 118 116  2
    101 92 102  1  101 92 102  2
    93 100 94  1  93 100 94  2
    123 124 125  1  123 124 125  3
    126 125 124  1  126 125 124  3
    127 128 129  1  127 128 129  1
    130 129 128  1  130 129 128  1
    131 132 133  1  131 132 133  1
    134 133 132  1  134 133 132  1
    135 35 136  1  135 35 136  1
    36 136 35  1  36 136 35  1
    33 31 137  1  33 31 137  1
    137 31 135  1  137 31 135  1
    136 137 135  1  136 137 135  1
    138 139 140  1  138 139 140  1
    141 139 142  1  141 139 142  1
    139 141 140  1  139 141 140  1
    138 140 143  1  138 140 143  1
    144 145 146  1  144 145 146  1
    147 145 144  1  147 145 144  1
    146 148 149  1  146 148 149  1
    150 149 148  1  150 149 148  1
    149 144 146  1  149 144 146  1
    151 152 153  1  151 152 153  1
    152 154 153  1  152 154 153  1
    155 156 157  1  155 156 157  1
    158 157 156  1  158 157 156  1
    159 160 151  1  159 160 151  1
    160 159 161  1  160 159 161  1
    151 153 159  1  151 153 159  1
    162 163 164  1  162 163 164  3
    165 164 163  1  165 164 163  3
    166 167 168  1  166 167 168  1
    169 168 167  1  169 168 167  1
    170 171 172  1  170 171 172  1
    173 172 171  1  173 172 171  1
    174 160 175  1  174 160 175  1
    161 175 160  1  161 175 160  1
    175 176 174  1  175 176 174  1
    154 152 176  1  154 152 176  1
    176 152 174  1  176 152 174  1
    177 178 155  1  177 178 155  1
    156 179 180  1  156 179 180  1
    181 182 183  1  181 182 183  1
    179 184 180  1  179 184 180  1
    183 182 185  1  183 182 185  1
    156 180 158  1  156 180 158  1
    157 177 155  1  157 177 155  1
    186 187 188  1  186 187 188  1
    189 187 186  1  189 187 186  1
    188 187 190  1  188 187 190  1
    191 192 193  1  191 192 193  1
    194 192 195  1  194 192 195  1
    193 192 194  1  193 192 194  1
    196 197 198  1  196 197 198  1
    199 197 196  1  199 197 196  1
    200 197 199  1  200 197 199  1
    201 202 203  1  201 202 203  1
    204 202 201  1  204 202 201  1
    205 202 204  1  205 202 204  1
    206 207 208  1  206 207 208  3
    209 208 207  1  209 208 207  3
    210 211 212  1  210 211 212  1
    213 212 211  1  213 212 211  1
    214 215 216  1  214 215 216  1
    217 216 215  1  217 216 215  1
    218 219 220  1  218 219 220  3
    221 220 219  1  221 220 219  3
    222 223 224  1  222 223 224  1
    225 224 223  1  225 224 223  1
    226 227 228  1  226 227 228  1
    229 228 227  1  229 228 227  1
    207 230 209  1  207 230 209  3
    230 231 232  1  230 231 232  3
    232 209 230  1  232 209 230  3
    211 233 213  1  211 233 213  1
    234 213 233  1  234 213 233  1
    215 235 236  1  215 235 236  1
    236 217 215  1  236 217 215  1
    237 238 239  1  237 238 239  3
    219 237 221  1  219 237 221  3
    239 221 237  1  239 221 237  3
    223 240 225  1  223 240 225  1
    241 225 240  1  241 225 240  1
    227 242 243  1  227 242 243  1
    243 229 227  1  243 229 227  1
    118 244 117  1  118 244 117  2
    245 117 244  1  245 117 244  2
    117 245 246  1  117 245 246  2
    246 120 117  1  246 120 117  2
    120 246 122  1  120 246 122  2
    247 122 246  1  247 122 246  2
    122 247 244  1  122 247 244  2
    244 118 122  1  244 118 122  2
  tverts 248
    0.564582 0.503241
    0.564582 0.503241
    0.564395 0.35383
    0.564582 0.843606
    0.564582 0.843606
    0.564204 0.99091
    0.634777 0.828978
    0.634777 0.828978
    0.635113 0.959224
    0.635113 0.959224
    0.634777 0.512641
    0.634777 0.512641
    0.635113 0.385636
    0.635113 0.385636
    0.634777 0.828978
    0.564582 0.843606
    0.635113 0.959224
    0.564204 0.99091
    0.564582 0.503241
    0.635113 0.385636
    0.564395 0.35383
    0.634777 0.512641
    0.634777 0.512641
    0.564582 0.503241
    0.635113 0.385636
    0.564395 0.35383
    0.564582 0.843606
    0.635113 0.959224
    0.564204 0.99091
    0.634777 0.828978
    0.564582 0.503241
    0.564582 0.503241
    0.542894 0.500826
    0.542894 0.500826
    0.542191 0.77919
    0.564582 0.843606
    0.541487 0.84119
    0.666638 0.77073
    0.663297 0.746551
    0.663497 0.773442
    0.662892 0.773805
    0.662892 0.773805
    0.663497 0.773442
    0.634777 0.828978
    0.634777 0.828978
    0.666638 0.590113
    0.66315 0.747296
    0.663408 0.5866
    0.663097 0.586364
    0.663097 0.586364
    0.663408 0.5866
    0.634777 0.512641
    0.634777 0.512641
    0.635113 0.959224
    0.635113 0.959224
    0.564204 0.99091
    0.635113 0.385636
    0.635113 0.385636
    0.564395 0.35383
    0.663297 0.746551
    0.66315 0.747296
    0.56343 0.980942
    0.563103 0.848386
    0.563103 0.848386
    0.623062 0.474489
    0.573416 0.517373
    0.597619 0.534958
    0.6366 0.443844
    0.636355 0.559397
    0.636355 0.559397
    0.6366 0.443844
    0.6366 0.952723
    0.636355 0.840047
    0.636355 0.840047
    0.6366 0.952723
    0.6366 0.443844
    0.564656 0.516009
    0.636355 0.559397
    0.563289 0.415732
    0.56343 0.980942
    0.6366 0.952723
    0.563103 0.848386
    0.636355 0.840047
    0.6366 0.952723
    0.563103 0.848386
    0.636355 0.840047
    0.56343 0.980942
    0.563289 0.415732
    0.6366 0.443844
    0.564656 0.516009
    0.636355 0.559397
    0.657371 0.608667
    0.657225 0.632525
    0.659669 0.611074
    0.656928 0.608345
    0.636355 0.559397
    0.657371 0.608667
    0.656928 0.608345
    0.636355 0.559397
    0.657306 0.774431
    0.657117 0.631864
    0.659669 0.771314
    0.657079 0.774641
    0.636355 0.840047
    0.657306 0.774431
    0.657079 0.774641
    0.636355 0.840047
    0.563289 0.415732
    0.6366 0.443844
    0.6366 0.443844
    0.56343 0.980942
    0.6366 0.952723
    0.6366 0.952723
    0.657225 0.632525
    0.657117 0.631864
    0.971576 0.972584
    0.715399 0.975774
    0.792914 0.285463
    0.883777 0.288049
    0.715399 0.975774
    0.712875 0.285711
    0.971576 0.972584
    0.966996 0.287305
    0.510218 0.234861
    0.510218 0.234861
    0.50824 0.979429
    0.50824 0.979429
    0.281247 0.22809
    0.279232 0.972658
    0.510218 0.234861
    0.50824 0.979429
    0.510218 0.234861
    0.50824 0.979429
    0.281247 0.22809
    0.279232 0.972658
    0.564582 0.843606
    0.541487 0.84119
    0.542191 0.77919
    0.539382 0.831902
    0.539383 0.504057
    0.542191 0.77919
    0.542894 0.500826
    0.542894 0.500826
    0.541487 0.84119
    0.542191 0.77919
    0.539383 0.504057
    0.539382 0.831902
    0.542894 0.500826
    0.539382 0.831902
    0.541487 0.84119
    0.541487 0.84119
    0.564656 0.516009
    0.564656 0.516009
    0.544472 0.544003
    0.544472 0.544003
    0.541903 0.837729
    0.541903 0.837729
    0.543443 0.84597
    0.543443 0.84597
    0.543958 0.59901
    0.563103 0.848386
    0.543443 0.84597
    0.518455 0.264137
    0.518455 0.264137
    0.518474 0.989834
    0.518474 0.989834
    0.283132 0.264137
    0.283116 0.989834
    0.518455 0.264137
    0.518474 0.989834
    0.518455 0.264137
    0.518474 0.989834
    0.283132 0.264137
    0.283116 0.989834
    0.563103 0.848386
    0.543443 0.84597
    0.543958 0.59901
    0.543958 0.59901
    0.544472 0.544003
    0.541903 0.54687
    0.543958 0.59901
    0.280813 0.261567
    0.283132 0.264137
    0.280813 0.261567
    0.544472 0.544003
    0.518455 0.264137
    0.717567 0.187098
    0.887246 0.00703272
    0.485719 0.0943281
    0.983672 0.212251
    0.374272 0.0104978
    0.374272 0.0104978
    0.887246 0.00703272
    0.485719 0.0943281
    0.717567 0.187098
    0.983672 0.212251
    0.485719 0.0943281
    0.887246 0.00703272
    0.374272 0.0104978
    0.717567 0.187098
    0.983672 0.212251
    0.717567 0.187098
    0.887246 0.00703272
    0.983672 0.212251
    0.485719 0.0943281
    0.374272 0.0104978
    0.139251 0.0715166
    0.13801 0.954851
    0.121557 0.0715166
    0.122793 0.954851
    0.00244544 0.0414299
    0.00258706 0.991873
    0.242813 0.0393677
    0.242844 0.992214
    0.242813 0.0393677
    0.242844 0.992214
    0.00244544 0.0414299
    0.00258706 0.991873
    0.139251 0.0715166
    0.13801 0.954851
    0.121557 0.0715166
    0.122793 0.954851
    0.00244544 0.0414299
    0.00258706 0.991873
    0.242813 0.0393677
    0.242844 0.992214
    0.242813 0.0393677
    0.242844 0.992214
    0.00244544 0.0414299
    0.00258706 0.991873
    0.143497 0.0850431
    0.137289 0.726774
    0.131285 0.0850431
    0.0037863 0.360152
    0.24288 0.175888
    0.24288 0.175888
    0.0037863 0.360152
    0.143497 0.0850431
    0.137289 0.726774
    0.131285 0.0850431
    0.0037863 0.360152
    0.24288 0.175888
    0.24288 0.175888
    0.0037863 0.360152
    0.715399 0.975774
    0.971576 0.972584
    0.715399 0.975774
    0.971576 0.972584
endnode
node trimesh electro_back
  parent w_warblade_001
  position 0.000759037 -0.0148144 -0.0935516
  orientation -0.271553 -0.683636 0.677423 -3.67169
  scale 1.0
  alpha 1.0
  selfillumcolor 0.0 0.0 0.0
  diffuse 1.0 1.0 1.0
  ambient 1.0 1.0 1.0
  transparencyhint 0
  animateuv 0
  uvdirectionx 0.0
  uvdirectiony 0.0
  uvjitter 0.0
  uvjitterspeed 0.0
  lightmapped 0
  rotatetexture 0
  m_bIsBackgroundGeometry 0
  shadow 1
  beaming 0
  render 1
  dirt_enabled 0
  dirt_texture 0
  dirt_worldspace 0
  hologram_donotdraw 0
  tangentspace 0
  inv_count 0
  bitmap dm_cyb_glow_p1
  verts 18
    -0.00989687 0.92085 0.025909
    -0.0293769 0.924101 0.0421327
    -0.027777 0.848373 0.0413095
    0.0100788 0.848543 0.00468748
    0.00644924 0.848486 0.0015008
    -0.0140057 0.920866 0.0220178
    0.00700415 0.834385 0.000996439
    -0.0277835 0.834292 0.0413035
    0.0121048 0.359393 0.00360544
    0.012485 0.372443 0.00294564
    -0.0264272 0.372374 0.0302501
    -0.0264272 0.359299 0.0302501
    -0.0232421 0.197853 0.0318577
    -0.0112306 0.217956 0.0260771
    0.00612384 0.372395 -0.00227921
    0.00522644 0.359377 -0.00216114
    0.0104525 0.834438 0.00402158
    -0.0187143 0.217954 0.0189954
  faces 20
    0 1 2  4  0 1 2  1
    2 3 0  4  2 3 0  1
    4 2 1  4  4 2 1  1
    1 5 4  4  1 5 4  1
    6 7 2  4  6 7 2  1
    2 4 6  4  2 4 6  1
    8 9 10  4  8 9 10  1
    10 11 8  4  10 11 8  1
    11 12 13  4  11 12 13  1
    13 8 11  4  13 8 11  1
    10 14 15  4  10 14 15  1
    15 11 10  4  15 11 10  1
    3 2 7  4  3 2 7  1
    7 16 3  4  7 16 3  1
    16 7 10  4  16 7 10  1
    10 9 16  4  10 9 16  1
    7 6 14  4  7 6 14  1
    14 10 7  4  14 10 7  1
    11 15 17  4  11 15 17  1
    17 12 11  4  17 12 11  1
  tverts 18
    0.584466 0.912233
    0.442224 0.947321
    0.481933 0.390002
    0.584466 0.390002
    0.584466 0.390002
    0.584466 0.912233
    0.659202 0.376787
    0.481871 0.376787
    0.584466 0.272631
    0.659202 0.284731
    0.481439 0.284731
    0.481382 0.272631
    0.480373 0.0391382
    0.584466 0.05781
    0.659202 0.284731
    0.584466 0.272631
    0.659202 0.376787
    0.584466 0.05781
endnode
node trimesh electro_front
  parent w_warblade_001
  position 0.000759034 0.00102253 0.0282834
  orientation 0.270955 -0.678868 -0.682438 -3.67298
  scale 1.0
  alpha 1.0
  selfillumcolor 0.0 0.0 0.0
  diffuse 1.0 1.0 1.0
  ambient 1.0 1.0 1.0
  transparencyhint 0
  animateuv 0
  uvdirectionx 0.0
  uvdirectiony 0.0
  uvjitter 0.0
  uvjitterspeed 0.0
  lightmapped 0
  rotatetexture 0
  m_bIsBackgroundGeometry 0
  shadow 1
  beaming 0
  render 1
  dirt_enabled 0
  dirt_texture 0
  dirt_worldspace 0
  hologram_donotdraw 0
  tangentspace 0
  inv_count 0
  bitmap dm_cyb_glow_p1
  verts 18
    -0.00989687 0.92085 0.025909
    -0.0293769 0.924101 0.0421327
    -0.027777 0.848373 0.0413095
    0.0100788 0.848543 0.00468748
    0.00644924 0.848486 0.0015008
    -0.0140057 0.920866 0.0220178
    0.00700415 0.834385 0.000996439
    -0.0277835 0.834292 0.0413035
    0.0121048 0.359393 0.00360544
    0.012485 0.372443 0.00294564
    -0.0264272 0.372374 0.0302501
    -0.0264272 0.359299 0.0302501
    -0.0232421 0.197853 0.0318577
    -0.0112306 0.217956 0.0260771
    0.00612384 0.372395 -0.00227921
    0.00522644 0.359377 -0.00216114
    0.0104525 0.834438 0.00402158
    -0.0187143 0.217954 0.0189954
  faces 20
    0 1 2  4  0 1 2  1
    2 3 0  4  2 3 0  1
    4 2 1  4  4 2 1  1
    1 5 4  4  1 5 4  1
    6 7 2  4  6 7 2  1
    2 4 6  4  2 4 6  1
    8 9 10  4  8 9 10  1
    10 11 8  4  10 11 8  1
    11 12 13  4  11 12 13  1
    13 8 11  4  13 8 11  1
    10 14 15  4  10 14 15  1
    15 11 10  4  15 11 10  1
    3 2 7  4  3 2 7  1
    7 16 3  4  7 16 3  1
    16 7 10  4  16 7 10  1
    10 9 16  4  10 9 16  1
    7 6 14  4  7 6 14  1
    14 10 7  4  14 10 7  1
    11 15 17  4  11 15 17  1
    17 12 11  4  17 12 11  1
  tverts 18
    0.584466 0.912233
    0.442224 0.947321
    0.481933 0.390002
    0.584466 0.390002
    0.584466 0.390002
    0.584466 0.912233
    0.659202 0.376787
    0.481871 0.376787
    0.584466 0.272631
    0.659202 0.284731
    0.481439 0.284731
    0.481382 0.272631
    0.480373 0.0391382
    0.584466 0.05781
    0.659202 0.284731
    0.584466 0.272631
    0.659202 0.376787
    0.584466 0.05781
endnode
node trimesh electro_glow_back
  parent w_warblade_001
  position -0.000647433 0.000796042 0.00311737
  orientation -0.268564 -0.683677 0.678572 -3.67813
  scale 1.0
  alpha 1.0
  selfillumcolor 0.0 0.529412 1.0
  diffuse 1.0 1.0 1.0
  ambient 1.0 1.0 1.0
  transparencyhint 0
  animateuv 0
  uvdirectionx 0.0
  uvdirectiony 0.0
  uvjitter 0.0
  uvjitterspeed 0.0
  lightmapped 0
  rotatetexture 0
  m_bIsBackgroundGeometry 0
  shadow 0
  beaming 0
  render 1
  dirt_enabled 0
  dirt_texture 0
  dirt_worldspace 0
  hologram_donotdraw 0
  tangentspace 0
  inv_count 0
  bitmap dm_cyb_glow_p2
  verts 7
    -0.0542278 1.02484 0.0445853
    -0.0382961 1.02483 0.0279849
    -0.0317068 0.302119 0.0271056
    -0.0653759 1.01377 0.0569161
    -0.0550941 0.334457 0.0520252
    -0.0464268 0.303794 0.0427602
    -0.0545912 0.334457 0.0520252
  faces 8
    1 0 2  4  1 0 2  1
    0 3 2  4  0 3 2  1
    3 4 2  4  3 4 2  1
    2 4 5  4  2 4 5  1
    2 0 1  4  2 0 1  1
    2 3 0  4  2 3 0  1
    2 6 3  4  2 6 3  1
    5 6 2  4  5 6 2  1
  tverts 7
    0.534916 0.948983
    0.375712 0.949649
    0.375712 0.0496483
    0.652423 0.880939
    0.656213 0.0998623
    0.546287 0.0496483
    0.656213 0.0998623
endnode
node trimesh electro_glow_front
  parent w_warblade_001
  position -0.000647433 0.000796042 -0.0850612
  orientation 0.27371 -0.679504 -0.680703 -3.66705
  scale 1.0
  alpha 1.0
  selfillumcolor 0.0 0.529412 1.0
  diffuse 1.0 1.0 1.0
  ambient 1.0 1.0 1.0
  transparencyhint 0
  animateuv 0
  uvdirectionx 0.0
  uvdirectiony 0.0
  uvjitter 0.0
  uvjitterspeed 0.0
  lightmapped 0
  rotatetexture 0
  m_bIsBackgroundGeometry 0
  shadow 0
  beaming 0
  render 1
  dirt_enabled 0
  dirt_texture 0
  dirt_worldspace 0
  hologram_donotdraw 0
  tangentspace 0
  inv_count 0
  bitmap dm_cyb_glow_p2
  verts 7
    -0.0542278 1.02484 0.0445853
    -0.0382961 1.02483 0.0279849
    -0.0317068 0.302119 0.0271056
    -0.0653759 1.01377 0.0569161
    -0.0550941 0.334457 0.0520252
    -0.0464268 0.303794 0.0427602
    -0.0545912 0.334457 0.0520252
  faces 8
    1 0 2  4  1 0 2  1
    0 3 2  4  0 3 2  1
    3 4 2  4  3 4 2  1
    2 4 5  4  2 4 5  1
    2 0 1  4  2 0 1  1
    2 3 0  4  2 3 0  1
    2 6 3  4  2 6 3  1
    5 6 2  4  5 6 2  1
  tverts 7
    0.534916 0.948983
    0.375712 0.949649
    0.375712 0.0496483
    0.652423 0.880939
    0.656213 0.0998623
    0.546287 0.0496483
    0.656213 0.0998623
endnode
endmodelgeom w_warblade_001
donemodel w_warblade_001
