# Exported from KOTORmax 0.4.1 at 12/16/2018 10:09:40 PM
# MODEL ASCII
#local file: C:\Users\ablanche\Documents\Modding\Kotor\STAR WARS Knights of the Old Republic\Works\w_vbrdblswd_004\moded_model.max
filedependancy moded_model.max
newmodel w_VbrDblswd_004
setsupermodel w_VbrDblswd_004 NULL
classification placeable
classification_unk1 0
ignorefog 0
setanimationscale 1.0
compress_quaternions 0
headlink 0


# GEOM ASCII
beginmodelgeom w_VbrDblswd_004
  bmin -5.0 -5.0 -1.0
  bmax 5.0 5.0 10.0
  radius 7.0
node dummy w_VbrDblswd_004
  parent NULL
endnode
node trimesh SelfIllumPanels03
  parent w_VbrDblswd_004
  position -0.00447998 0.0 0.184874
  orientation 1.0 0.0 0.0 0.0
  scale 1.0
  alpha 1.0
  selfillumcolor 0.0 0.0 0.0
  diffuse 1.0 1.0 1.0
  ambient 1.0 1.0 1.0
  transparencyhint 0
  animateuv 0
  uvdirectionx 0.0
  uvdirectiony 0.0
  uvjitter 0.0
  uvjitterspeed 0.0
  lightmapped 0
  rotatetexture 0
  m_bIsBackgroundGeometry 0
  shadow 1
  beaming 0
  render 1
  dirt_enabled 0
  dirt_texture 1
  dirt_worldspace 1
  hologram_donotdraw 0
  tangentspace 0
  bitmap w_VbrDblswd_004
  verts 356
    -0.00618896 -0.0214384 0.274988
    0.00516846 -0.0214384 0.274988
    -0.00618896 -0.0214384 0.292398
    0.00516846 -0.0214384 0.291258
    -0.00618896 -0.0214384 -0.280187
    0.00516846 -0.0214384 -0.280187
    -0.00618896 -0.0214384 -0.263917
    0.00516846 -0.0214384 -0.263917
    0.0103741 -0.0162733 -0.280687
    0.0103741 0.000406649 -0.280687
    0.0103741 -0.0162733 -0.274123
    0.0103741 0.000406649 -0.274123
    0.00904358 -0.00538406 -0.529747
    0.00904358 0.00644638 -0.529747
    0.00904358 -0.00538406 -0.501275
    0.00904358 0.00644638 -0.501275
    0.00844116 -0.00416733 0.374843
    0.00844116 0.00522964 0.374843
    0.00844116 -0.00416733 0.397458
    0.00844116 0.00522964 0.397458
    -0.00840759 0.00546616 -0.527388
    -0.00840759 -0.00440384 -0.527388
    -0.00840759 0.00546616 -0.503634
    -0.00840759 -0.00440384 -0.503634
    -0.00981628 0.00577042 0.373542
    -0.00981628 -0.0047081 0.373542
    -0.00981628 0.00577042 0.39876
    -0.00981628 -0.0047081 0.39876
    -0.0113495 -0.0179716 0.292407
    -0.0113495 0.00384048 0.292407
    -0.0113495 -0.0179716 0.287161
    -0.0113495 0.00384048 0.287161
    0.0113013 -0.0165511 0.161111
    0.0113013 0.0163643 0.161111
    0.0113013 -0.0165511 0.165438
    0.0113013 0.0163643 0.165438
    -0.0111633 -0.0165511 0.165438
    -0.0111633 -0.0165511 0.161111
    -0.0111633 0.0163643 0.161111
    -0.0111633 0.0163643 0.165438
    0.0113013 0.0163643 0.165438
    0.0113013 0.0163643 0.161111
    -0.0111633 -0.0165511 0.161111
    -0.0111633 -0.0165511 0.165438
    0.0167151 -0.0150719 -0.230706
    0.0167151 0.0150722 -0.230706
    0.0167151 -0.0150719 -0.00664343
    0.0167151 0.0150722 -0.00664343
    -0.00347717 -0.0150719 -0.230706
    -0.00347717 -0.0150719 -0.00664343
    -0.00347717 0.0150722 -0.230706
    -0.00347717 0.0150722 -0.00664343
    0.0167151 -0.0150719 -0.230706
    0.0167151 -0.0150719 -0.00664343
    -0.00347717 -0.0150719 -0.230706
    -0.00347717 -0.0150719 -0.00664343
    0.0167151 0.0150722 0.228253
    0.0167151 0.0150722 -0.00664343
    -0.00347717 0.0150722 0.228253
    -0.00347717 0.0150722 -0.00664343
    0.0203094 0.0220204 0.259877
    0.0203094 -0.0220201 0.259877
    0.0167151 -0.0150719 0.228253
    0.0167151 0.0150722 0.228253
    -0.00707153 -0.0220201 0.259877
    -0.00707153 0.0220204 0.259877
    -0.00347717 0.0150722 0.228253
    -0.00347717 -0.0150719 0.228253
    0.0203094 -0.0220201 0.259877
    -0.00707153 -0.0220201 0.259877
    -0.00347717 -0.0150719 0.228253
    0.0167151 -0.0150719 0.228253
    -0.00707153 0.0220204 0.259877
    0.0203094 0.0220204 0.259877
    0.0167151 0.0150722 0.228253
    -0.00347717 0.0150722 0.228253
    0.0154755 0.02058 0.262778
    0.0154755 -0.0205797 0.262778
    0.0203094 -0.0220201 0.259877
    0.0203094 0.0220204 0.259877
    -0.00223755 -0.0205797 0.262778
    -0.00223755 0.02058 0.262778
    -0.00707153 0.0220204 0.259877
    -0.00707153 -0.0220201 0.259877
    0.0154755 -0.0205797 0.262778
    -0.00223755 -0.0205797 0.262778
    -0.00707153 -0.0220201 0.259877
    0.0203094 -0.0220201 0.259877
    -0.00223755 0.02058 0.262778
    0.0154755 0.02058 0.262778
    0.0203094 0.0220204 0.259877
    -0.00707153 0.0220204 0.259877
    0.0203094 0.0220204 -0.26233
    0.0167151 -0.0150719 -0.230706
    0.0203094 -0.0220201 -0.26233
    0.0167151 0.0150722 -0.230706
    -0.00707153 -0.0220201 -0.26233
    -0.00347717 0.0150722 -0.230706
    -0.00707153 0.0220204 -0.26233
    -0.00347717 -0.0150719 -0.230706
    0.0203094 -0.0220201 -0.26233
    -0.00347717 -0.0150719 -0.230706
    -0.00707153 -0.0220201 -0.26233
    0.0167151 -0.0150719 -0.230706
    -0.00707153 0.0220204 -0.26233
    0.0167151 0.0150722 -0.230706
    0.0203094 0.0220204 -0.26233
    -0.00347717 0.0150722 -0.230706
    0.0154755 0.02058 -0.265231
    0.0203094 -0.0220201 -0.26233
    0.0154755 -0.0205794 -0.265231
    0.0203094 0.0220204 -0.26233
    -0.00223755 -0.0205794 -0.265231
    -0.00707153 0.0220204 -0.26233
    -0.00223755 0.02058 -0.265231
    -0.00707153 -0.0220201 -0.26233
    0.0154755 -0.0205794 -0.265231
    -0.00707153 -0.0220201 -0.26233
    -0.00223755 -0.0205794 -0.265231
    0.0203094 -0.0220201 -0.26233
    -0.00223755 0.02058 -0.265231
    0.0203094 0.0220204 -0.26233
    0.0154755 0.02058 -0.265231
    -0.00707153 0.0220204 -0.26233
    0.0123615 -0.0205794 -0.578506
    -0.00223755 -0.0205794 -0.265231
    0.00681885 -0.0205794 -0.578506
    0.0154755 -0.0205794 -0.265231
    0.000877079 -0.0205794 -0.578506
    0.000852657 0.0206178 -0.578539
    0.00993408 0.0178737 -0.582532
    0.00304504 0.0178667 -0.582515
    0.0123608 0.0206422 -0.578549
    0.0154755 0.02058 -0.265231
    0.000852657 0.0206178 -0.578539
    -0.00223755 0.02058 -0.265231
    0.0123608 0.0206422 -0.578549
    0.0123615 -0.0205794 -0.578506
    0.0123615 -0.00708511 -0.598486
    0.0154755 -0.0205794 -0.265231
    0.0154755 0.02058 -0.265231
    0.0123602 0.00661423 -0.59878
    0.0123608 0.0206422 -0.578549
    0.0035321 -0.00708511 -0.637099
    0.000923461 0.00659897 -0.598756
    0.0035321 0.00619034 -0.637099
    0.000877076 -0.00708511 -0.598486
    0.00991943 0.00619003 -0.637099
    0.0123615 -0.00708511 -0.598486
    0.00987061 -0.00708542 -0.637099
    0.0123602 0.00661423 -0.59878
    0.0123615 -0.00708511 -0.598486
    0.00982849 -0.0101506 -0.598423
    0.00987061 -0.00708542 -0.637099
    0.00991943 0.00619003 -0.637099
    0.00989807 0.00660965 -0.598777
    0.0123602 0.00661423 -0.59878
    0.00356995 0.006595 -0.598773
    0.000923461 0.00659897 -0.598756
    0.0123602 0.00661423 -0.59878
    0.00989807 0.00660965 -0.598777
    0.00335815 -0.0103056 -0.59813
    0.000877076 -0.00708511 -0.598486
    0.0035321 -0.00708511 -0.637099
    0.000877079 -0.0205794 -0.578506
    0.000877076 -0.00708511 -0.598486
    0.00335815 -0.0103056 -0.59813
    0.00681885 -0.0205794 -0.578506
    0.00982849 -0.0101506 -0.598423
    0.0123615 -0.0205794 -0.578506
    0.0123615 -0.00708511 -0.598486
    0.0035321 0.00619034 -0.637099
    0.000923461 0.00659897 -0.598756
    0.00356995 0.006595 -0.598773
    0.00681885 -0.00609868 -1.02268
    0.010152 0.0183311 -1.02268
    0.00999695 0.00433456 -0.890306
    0.00870666 0.00140437 -0.890306
    0.0100513 0.01812 -0.890306
    0.00993408 0.0178737 -0.582532
    0.00991943 0.00619003 -0.637099
    0.00987061 -0.00708542 -0.637099
    0.00989807 0.00660965 -0.598777
    0.00681885 -0.00609868 -1.02268
    0.00681885 -0.00609868 -0.890306
    0.00490295 -0.000527092 -0.890306
    0.00299561 0.0183311 -1.02268
    0.00982849 -0.0101506 -0.598423
    0.00681885 -0.0205794 -0.578506
    0.00681885 -0.00609868 -0.890306
    0.00848633 -0.000441643 -0.890306
    0.00490295 -0.000527092 -0.890306
    0.00335815 -0.0103056 -0.59813
    0.0035321 -0.00708511 -0.637099
    0.00329102 0.00433472 -0.890306
    0.00681885 -0.0186154 -1.07774
    0.00299561 0.0183311 -1.02268
    0.00671631 0.0133195 -1.13858
    0.00658873 0.0419206 -1.17161
    0.010152 0.0183311 -1.02268
    0.00299561 0.0183311 -1.02268
    0.0100513 0.01812 -0.890306
    0.0030188 0.0181168 -0.890306
    0.0100513 0.01812 -0.890306
    0.00299561 0.0183311 -1.02268
    0.010152 0.0183311 -1.02268
    0.00658873 0.0419206 -1.17161
    0.00299561 0.0183311 -1.02268
    0.00304504 0.0178667 -0.582515
    0.0030188 0.0181168 -0.890306
    0.0035321 0.00619034 -0.637099
    0.00356995 0.006595 -0.598773
    0.00982849 -0.0101506 -0.598423
    0.00848633 -0.000441643 -0.890306
    0.00671631 0.0133195 -1.13858
    0.010152 0.0183311 -1.02268
    0.00681885 -0.0186154 -1.07774
    0.00658873 0.0419206 -1.17161
    0.000877076 -0.00708511 -0.598486
    0.000877079 -0.0205794 -0.578506
    -0.00223755 -0.0205794 -0.265231
    -0.00223755 0.02058 -0.265231
    0.000852657 0.0206178 -0.578539
    0.000923461 0.00659897 -0.598756
    0.000877071 0.0205797 0.551625
    0.00641968 0.0205797 0.551625
    0.0154755 0.02058 0.262778
    0.0123615 0.0205797 0.551625
    -0.00223755 0.02058 0.262778
    0.0123615 -0.0205797 0.551625
    0.0102423 -0.0183308 0.555969
    0.00330566 -0.0183315 0.555969
    0.000877079 -0.0205797 0.551625
    -0.00223755 -0.0205797 0.262778
    0.0154755 -0.0205797 0.262778
    0.0123615 -0.0205797 0.551625
    0.000877079 -0.0205797 0.551625
    0.000877071 0.0205797 0.551625
    -0.00223755 0.02058 0.262778
    0.000877074 0.00708542 0.571605
    -0.00223755 -0.0205797 0.262778
    0.000877076 -0.00619003 0.571605
    0.000877079 -0.0205797 0.551625
    0.00970642 0.00708542 0.610218
    0.00970642 -0.00619003 0.610218
    0.0123615 -0.00619003 0.571605
    0.0123615 0.00708542 0.571605
    0.00331909 -0.00618973 0.610218
    0.00336731 0.00708572 0.610218
    0.000877074 0.00708542 0.571605
    0.000877074 0.00708542 0.571605
    0.000877076 -0.00619003 0.571605
    0.00331909 -0.00618973 0.610218
    0.000877074 0.00708542 0.571605
    0.00336731 0.00708572 0.610218
    0.00341003 0.0101509 0.571542
    0.00331909 -0.00618973 0.610218
    0.000877076 -0.00619003 0.571605
    0.00333923 -0.00619064 0.571605
    0.000877076 -0.00619003 0.571605
    0.00333923 -0.00619064 0.571605
    0.00988037 0.0103059 0.571249
    0.00970642 0.00708542 0.610218
    0.0123615 0.00708542 0.571605
    0.0123615 0.0205797 0.551625
    0.00988037 0.0103059 0.571249
    0.0123615 0.00708542 0.571605
    0.00641968 0.0205797 0.551625
    0.00341003 0.0101509 0.571542
    0.000877071 0.0205797 0.551625
    0.000877074 0.00708542 0.571605
    0.00970642 -0.00619003 0.610218
    0.00964355 -0.00619003 0.571605
    0.0123615 -0.00619003 0.571605
    0.00331909 -0.00618973 0.610218
    0.00333923 -0.00619064 0.571605
    0.00330566 -0.0183315 0.555969
    0.00641968 0.0062313 0.979643
    0.00641968 0.026165 1.04772
    0.0102423 -0.0183308 0.979643
    0.00831421 0.00270772 0.82668
    0.00641968 0.0062313 0.82668
    0.00641968 0.0062313 0.979643
    0.00341003 0.0101509 0.571542
    0.00477051 0.00262319 0.82668
    0.00641968 0.0062313 0.82668
    0.00641968 0.0205797 0.551625
    0.00843018 -0.000146026 0.82668
    0.00970642 -0.00619003 0.610218
    0.00970642 0.00708542 0.610218
    0.00988037 0.0103059 0.571249
    0.00831421 0.00270772 0.82668
    0.00308655 -0.0183308 0.979643
    0.00318603 -0.0183311 0.82668
    0.0102423 -0.0183308 0.979643
    0.0102423 -0.0183308 0.82668
    0.0102423 -0.0183308 0.555969
    0.00964355 -0.00619003 0.571605
    0.0102423 -0.0183308 0.82668
    0.00477051 0.00262319 0.82668
    0.00336731 0.00708572 0.610218
    0.00455261 0.000797851 0.82668
    0.00341003 0.0101509 0.571542
    0.00641968 0.026165 1.04772
    0.00652222 -0.0133192 1.09554
    0.0102423 -0.0183308 0.979643
    0.00664918 -0.0419203 1.12857
    0.00652222 -0.0133192 1.09554
    0.00641968 0.026165 1.04772
    0.00308655 -0.0183308 0.979643
    0.00664918 -0.0419203 1.12857
    0.00664918 -0.0419203 1.12857
    0.0123615 -0.0205797 0.551625
    0.0154755 -0.0205797 0.262778
    0.0154755 0.02058 0.262778
    0.0123615 0.0205797 0.551625
    0.0123615 0.00708542 0.571605
    0.0123615 -0.00619003 0.571605
    0.00964355 -0.00619003 0.571605
    0.0123615 -0.00619003 0.571605
    0.00308655 -0.0183308 0.979643
    0.00323914 -0.0045417 0.82668
    0.00318603 -0.0183311 0.82668
    0.00988037 0.0103059 0.571249
    0.00641968 0.0205797 0.551625
    0.00308655 -0.0183308 0.979643
    0.00641968 0.0062313 0.979643
    0.00641968 0.0062313 0.979643
    0.0102423 -0.0183308 0.979643
    0.00330566 -0.0183315 0.555969
    0.0102423 -0.0183308 0.555969
    0.00330566 -0.0183315 0.555969
    0.00331909 -0.00618973 0.610218
    0.00641968 0.0062313 0.979643
    0.00681885 -0.0205794 -0.578506
    0.00335815 -0.0103056 -0.59813
    0.00681885 -0.00609868 -1.02268
    0.00681885 -0.0186154 -1.07774
    0.010152 0.0183311 -1.02268
    0.00681885 -0.00609868 -1.02268
    0.00299561 0.0183311 -1.02268
    0.00681885 -0.00609868 -1.02268
    0.0030188 0.0181168 -0.890306
    0.00304504 0.0178667 -0.582515
    0.0100513 0.01812 -0.890306
    0.00993408 0.0178737 -0.582532
    0.0100513 0.01812 -0.890306
    0.00304504 0.0178667 -0.582515
    0.0167151 0.0150722 0.228253
    0.0167151 -0.0150719 0.228253
    -0.00347717 -0.0150719 0.228253
    -0.00347717 0.0150722 0.228253
    0.0167151 -0.0150719 0.228253
    -0.00347717 -0.0150719 0.228253
    0.0167151 0.0150722 -0.230706
    -0.00347717 0.0150722 -0.230706
  faces 208
    0 1 2  1  0 1 2  1
    3 2 1  1  3 2 1  1
    4 5 6  1  4 5 6  1
    7 6 5  1  7 6 5  1
    8 9 10  1  8 9 10  1
    11 10 9  1  11 10 9  1
    12 13 14  1  12 13 14  1
    15 14 13  1  15 14 13  1
    16 17 18  1  16 17 18  1
    19 18 17  1  19 18 17  1
    20 21 22  1  20 21 22  1
    23 22 21  1  23 22 21  1
    24 25 26  1  24 25 26  1
    27 26 25  1  27 26 25  1
    28 29 30  1  28 29 30  1
    31 30 29  1  31 30 29  1
    32 33 34  1  32 33 34  1
    35 34 33  1  35 34 33  1
    36 37 32  1  36 37 32  1
    32 34 36  1  32 34 36  1
    38 39 40  1  38 39 40  1
    40 41 38  1  40 41 38  1
    39 38 42  1  39 38 42  1
    42 43 39  1  42 43 39  1
    44 45 46  1  44 45 46  2
    47 46 45  1  47 46 45  2
    48 49 50  1  48 49 50  1
    51 50 49  1  51 50 49  1
    52 53 54  1  52 53 54  5
    55 54 53  1  55 54 53  5
    56 57 58  1  56 57 58  6
    59 58 57  1  59 58 57  6
    60 61 62  1  60 61 62  2
    62 63 60  1  62 63 60  2
    64 65 66  1  64 65 66  1
    66 67 64  1  66 67 64  1
    68 69 70  1  68 69 70  5
    70 71 68  1  70 71 68  5
    72 73 74  1  72 73 74  6
    74 75 72  1  74 75 72  6
    76 77 78  1  76 77 78  2
    78 79 76  1  78 79 76  2
    80 81 82  1  80 81 82  1
    82 83 80  1  82 83 80  1
    84 85 86  1  84 85 86  5
    86 87 84  1  86 87 84  5
    88 89 90  1  88 89 90  6
    90 91 88  1  90 91 88  6
    92 93 94  1  92 93 94  2
    93 92 95  1  93 92 95  2
    96 97 98  1  96 97 98  1
    97 96 99  1  97 96 99  1
    100 101 102  1  100 101 102  5
    101 100 103  1  101 100 103  5
    104 105 106  1  104 105 106  6
    105 104 107  1  105 104 107  6
    108 109 110  1  108 109 110  2
    109 108 111  1  109 108 111  2
    112 113 114  1  112 113 114  1
    113 112 115  1  113 112 115  1
    116 117 118  1  116 117 118  5
    117 116 119  1  117 116 119  5
    120 121 122  1  120 121 122  6
    121 120 123  1  121 120 123  6
    124 125 126  1  124 125 126  5
    125 124 127  1  125 124 127  5
    126 125 128  1  126 125 128  5
    129 130 131  1  129 130 131  6
    129 132 130  1  129 132 130  6
    133 134 135  1  133 134 135  6
    134 133 136  1  134 133 136  6
    137 138 139  1  137 138 139  2
    140 138 141  1  140 138 141  2
    140 139 138  1  140 139 138  2
    141 142 140  1  141 142 140  2
    143 144 145  1  143 144 145  1
    144 143 146  1  144 143 146  1
    147 148 149  1  147 148 149  2
    148 147 150  1  148 147 150  2
    151 152 153  1  151 152 153  1
    154 155 156  1  154 155 156  1
    157 129 131  1  157 129 131  1
    157 158 129  1  157 158 129  1
    159 160 130  1  159 160 130  1
    159 130 132  1  159 130 132  1
    161 162 163  1  161 162 163  1
    164 165 166  1  164 165 166  1
    164 166 167  1  164 166 167  1
    168 169 167  1  168 169 167  1
    169 168 170  1  169 168 170  1
    171 172 173  1  171 172 173  1
    174 175 176  1  174 175 176  2
    176 177 174  1  176 177 174  2
    176 178 179  1  176 178 179  1
    180 181 176  1  180 181 176  1
    179 182 180  1  179 182 180  1
    180 176 179  1  180 176 179  1
    183 184 185  1  183 184 185  1
    185 186 183  1  185 186 183  1
    187 188 189  1  187 188 189  1
    189 190 187  1  189 190 187  1
    191 192 193  1  191 192 193  1
    193 194 191  1  193 194 191  1
    195 196 197  1  195 196 197  1
    197 196 198  1  197 196 198  1
    199 200 201  1  199 200 201  1
    202 203 204  1  202 203 204  1
    205 206 207  1  205 206 207  1
    208 209 194  1  208 209 194  1
    210 211 208  1  210 211 208  1
    194 193 210  1  194 193 210  1
    210 208 194  1  210 208 194  1
    212 213 177  1  212 213 177  1
    212 177 181  1  212 177 181  1
    214 215 216  1  214 215 216  1
    214 217 215  1  214 217 215  1
    218 219 220  1  218 219 220  1
    218 220 221  1  218 220 221  1
    218 221 222  1  218 221 222  1
    218 222 223  1  218 222 223  1
    224 225 226  1  224 225 226  5
    225 227 226  1  225 227 226  5
    226 228 224  1  226 228 224  5
    229 230 231  1  229 230 231  6
    229 231 232  1  229 231 232  6
    233 234 235  1  233 234 235  6
    235 236 233  1  235 236 233  6
    237 238 239  1  237 238 239  2
    240 241 239  1  240 241 239  2
    241 240 242  1  241 240 242  2
    240 239 238  1  240 239 238  2
    243 244 245  1  243 244 245  1
    245 246 243  1  245 246 243  1
    247 248 249  1  247 248 249  2
    250 251 252  1  250 251 252  2
    253 254 255  1  253 254 255  1
    256 257 258  1  256 257 258  1
    259 231 260  1  259 231 260  1
    259 232 231  1  259 232 231  1
    261 262 263  1  261 262 263  1
    264 265 266  1  264 265 266  1
    264 267 265  1  264 267 265  1
    268 267 269  1  268 267 269  1
    269 270 268  1  269 270 268  1
    271 272 273  1  271 272 273  1
    274 275 276  1  274 275 276  1
    277 278 279  1  277 278 279  1
    280 281 282  1  280 281 282  1
    283 284 285  1  283 284 285  1
    285 286 283  1  285 286 283  1
    287 288 289  1  287 288 289  1
    289 290 291  1  289 290 291  1
    289 291 287  1  289 291 287  1
    292 293 294  1  292 293 294  1
    295 294 293  1  295 294 293  1
    296 297 288  1  296 297 288  1
    288 287 298  1  288 287 298  1
    288 298 296  1  288 298 296  1
    299 300 301  1  299 300 301  1
    300 299 302  1  300 299 302  1
    303 304 305  1  303 304 305  1
    304 306 305  1  304 306 305  1
    307 308 309  1  307 308 309  1
    307 309 310  1  307 309 310  1
    292 294 311  1  292 294 311  1
    312 313 314  1  312 313 314  1
    312 314 315  1  312 314 315  1
    312 315 316  1  312 315 316  1
    312 316 317  1  312 316 317  1
    318 230 229  1  318 230 229  1
    318 229 319  1  318 229 319  1
    320 321 322  1  320 321 322  1
    321 301 300  1  321 301 300  1
    280 323 281  1  280 323 281  1
    324 281 323  1  324 281 323  1
    284 325 326  1  284 325 326  1
    326 285 284  1  326 285 284  1
    291 327 328  1  291 327 328  1
    293 329 295  1  293 329 295  1
    330 295 329  1  330 295 329  1
    287 291 328  1  287 291 328  1
    328 298 287  1  328 298 287  1
    299 301 320  1  299 301 320  1
    331 322 321  1  331 322 321  1
    321 300 332  1  321 300 332  1
    321 332 331  1  321 332 331  1
    333 309 308  1  333 309 308  1
    301 321 320  1  301 321 320  1
    177 176 181  1  177 176 181  2
    176 175 178  1  176 175 178  1
    184 334 335  1  184 334 335  1
    335 185 184  1  335 185 184  1
    189 336 190  1  189 336 190  1
    337 338 339  1  337 338 339  1
    194 340 191  1  194 340 191  1
    195 341 196  1  195 341 196  1
    342 343 344  1  342 343 344  1
    345 346 347  1  345 346 347  1
    209 340 194  1  209 340 194  1
    177 213 174  1  177 213 174  1
    47 348 46  1  47 348 46  2
    349 46 348  1  349 46 348  2
    49 350 51  1  49 350 51  1
    351 51 350  1  351 51 350  1
    53 352 55  1  53 352 55  5
    353 55 352  1  353 55 352  5
    57 354 59  1  57 354 59  6
    355 59 354  1  355 59 354  6
  tverts 356
    0.288539 0.0189102
    0.46171 0.0197314
    0.288539 0.13078
    0.461039 0.132423
    0.288539 0.0189102
    0.46171 0.0197314
    0.288539 0.13078
    0.461039 0.132423
    0.46171 0.0197314
    0.288539 0.0189102
    0.461039 0.132423
    0.288539 0.13078
    0.46171 0.0197314
    0.288539 0.0189102
    0.461039 0.132423
    0.288539 0.13078
    0.46171 0.0197314
    0.288539 0.0189102
    0.461039 0.132423
    0.288539 0.13078
    0.288539 0.0189102
    0.46171 0.0197314
    0.288539 0.13078
    0.461039 0.132423
    0.288539 0.0189102
    0.46171 0.0197314
    0.288539 0.13078
    0.461039 0.132423
    0.461039 0.132423
    0.288539 0.13078
    0.46171 0.0197314
    0.288539 0.0189102
    0.46171 0.0197314
    0.288539 0.0189102
    0.461039 0.132423
    0.288539 0.13078
    0.288539 0.13078
    0.288539 0.0189102
    0.288539 0.0189102
    0.288539 0.13078
    0.461039 0.132423
    0.46171 0.0197314
    0.46171 0.0197314
    0.461039 0.132423
    0.537503 0.840189
    0.435758 0.840189
    0.537503 0.368146
    0.44974 0.368146
    0.537503 0.840189
    0.537503 0.368146
    0.435758 0.840189
    0.44974 0.368146
    0.663641 0.840474
    0.663446 0.368431
    0.59056 0.840474
    0.590364 0.368431
    0.663641 0.840474
    0.663446 0.368431
    0.59056 0.840474
    0.590364 0.368431
    0.412665 0.944039
    0.561315 0.944039
    0.537503 0.840189
    0.435758 0.840189
    0.561315 0.944039
    0.412665 0.944039
    0.435758 0.840189
    0.537503 0.840189
    0.676651 0.944323
    0.577551 0.947746
    0.59056 0.840474
    0.663641 0.840474
    0.577551 0.947746
    0.676651 0.944323
    0.663641 0.840474
    0.59056 0.840474
    0.417527 0.96292
    0.556092 0.96292
    0.561315 0.944039
    0.412665 0.944039
    0.556092 0.96292
    0.417527 0.96292
    0.412665 0.944039
    0.561315 0.944039
    0.659155 0.963205
    0.595047 0.963205
    0.577551 0.947746
    0.676651 0.944323
    0.595047 0.963205
    0.659155 0.963205
    0.676651 0.944323
    0.577551 0.947746
    0.412665 0.944039
    0.537503 0.840189
    0.561315 0.944039
    0.435758 0.840189
    0.561315 0.944039
    0.435758 0.840189
    0.412665 0.944039
    0.537503 0.840189
    0.676651 0.944323
    0.59056 0.840474
    0.577551 0.947746
    0.663641 0.840474
    0.577551 0.947746
    0.663641 0.840474
    0.676651 0.944323
    0.59056 0.840474
    0.417527 0.96292
    0.561315 0.944039
    0.556092 0.96292
    0.412665 0.944039
    0.556092 0.96292
    0.412665 0.944039
    0.417527 0.96292
    0.561315 0.944039
    0.659155 0.963205
    0.577551 0.947746
    0.595047 0.963205
    0.676651 0.944323
    0.595047 0.963205
    0.676651 0.944323
    0.659155 0.963205
    0.577551 0.947746
    0.696411 0.904953
    0.756946 0.0978559
    0.72105 0.904953
    0.686294 0.0978561
    0.744032 0.904953
    0.821515 0.898871
    0.78268 0.916805
    0.811444 0.916805
    0.773894 0.898871
    0.76098 0.081505
    0.821515 0.898871
    0.834428 0.0815052
    0.773894 0.898871
    0.982414 0.258535
    0.931794 0.183786
    0.981355 0.992792
    0.836965 0.99021
    0.884767 0.183786
    0.836966 0.258535
    0.931793 0.0393248
    0.884767 0.183786
    0.884767 0.0393244
    0.931794 0.183786
    0.884767 0.0393244
    0.931794 0.183786
    0.931793 0.0393248
    0.884767 0.183786
    0.696411 0.987441
    0.706699 0.985972
    0.704897 0.862775
    0.78238 0.856693
    0.785163 0.981359
    0.773894 0.981359
    0.811305 0.981361
    0.821515 0.981359
    0.773894 0.981359
    0.785163 0.981359
    0.733529 0.98718
    0.744032 0.987441
    0.731181 0.862775
    0.744032 0.904953
    0.744032 0.987441
    0.733529 0.98718
    0.72105 0.904953
    0.706699 0.985972
    0.696411 0.904953
    0.696411 0.987441
    0.808866 0.856691
    0.821515 0.981359
    0.811305 0.981361
    -0.000175783 0.00481921
    0.207129 0.00481921
    0.144849 0.991814
    0.0817282 0.991814
    0.218314 0.991814
    0.207129 0.0312183
    0.153631 0.325783
    0.0829031 0.325783
    0.153631 0.125863
    -0.000175783 0.00481921
    0.0110094 0.991814
    0.0684425 0.991814
    0.207129 0.00481921
    0.0657451 0.124022
    -0.000175783 0.00872822
    0.0110094 0.991814
    0.0684425 0.991814
    0.0684425 0.991814
    0.0657451 0.124022
    0.0829031 0.325783
    0.144849 0.991814
    0.420713 0.476226
    0.228777 0.209759
    0.335992 0.800653
    0.216481 0.989812
    0.458084 0.115851
    0.45585 0.115851
    0.457361 0.0697438
    0.455131 0.0697438
    0.457361 0.0697438
    0.45585 0.115851
    0.458084 0.115851
    0.457014 0.0773186
    0.45585 0.115851
    0.207129 0.0312183
    0.218314 0.991814
    0.153631 0.325783
    0.153631 0.125863
    0.0657451 0.124022
    0.0684425 0.991814
    0.335992 0.800653
    0.228777 0.209759
    0.420713 0.476226
    0.216481 0.989812
    0.931794 0.183786
    0.982414 0.258535
    0.981355 0.992792
    0.836965 0.99021
    0.836966 0.258535
    0.884767 0.183786
    0.744032 0.904953
    0.72105 0.904953
    0.686294 0.0978561
    0.696411 0.904953
    0.756946 0.0978559
    0.773894 0.898871
    0.78268 0.916805
    0.811444 0.916805
    0.821515 0.898871
    0.834428 0.0815052
    0.76098 0.081505
    0.773894 0.898871
    0.821515 0.898871
    0.836966 0.258535
    0.836965 0.99021
    0.884767 0.183786
    0.981355 0.992792
    0.931794 0.183786
    0.982414 0.258535
    0.884767 0.0393244
    0.931793 0.0393248
    0.931794 0.183786
    0.884767 0.183786
    0.931793 0.0393248
    0.884766 0.0393244
    0.884767 0.183786
    0.884767 0.183786
    0.931794 0.183786
    0.931793 0.0393248
    0.744032 0.987441
    0.731181 0.862775
    0.733529 0.98718
    0.808866 0.856691
    0.821515 0.981359
    0.811305 0.981361
    0.821515 0.981359
    0.811305 0.981361
    0.706699 0.985972
    0.704897 0.862775
    0.696411 0.987441
    0.696411 0.904953
    0.706699 0.985972
    0.696411 0.987441
    0.72105 0.904953
    0.733529 0.98718
    0.744032 0.904953
    0.744032 0.987441
    0.78238 0.856693
    0.785163 0.981359
    0.773894 0.981359
    0.103072 0.48583
    0.103073 0.623474
    0.141437 0.679212
    0.445561 0.219958
    0.420713 0.476226
    0.228777 0.209759
    0.0684425 0.991814
    0.0110094 0.991814
    -0.000175783 0.00481921
    0.0657451 0.124022
    0.0684425 0.991814
    0.0110094 0.991814
    -0.000175783 0.00872822
    0.12143 0.991814
    0.153631 0.325783
    0.0829031 0.325783
    0.0657451 0.124022
    0.0684425 0.991814
    0.458084 0.115851
    0.457361 0.0697438
    0.45585 0.115851
    0.455131 0.0697438
    0.207129 0.0312183
    0.153631 0.125863
    0.218314 0.991814
    0.0684425 0.991814
    0.0829014 0.325783
    0.0817282 0.991814
    0.0657451 0.124022
    0.420713 0.476226
    0.335992 0.800653
    0.228777 0.209759
    0.216481 0.989812
    0.335992 0.800653
    0.420713 0.476226
    0.228777 0.209759
    0.216481 0.989812
    0.457014 0.0773186
    0.982414 0.258535
    0.981355 0.992792
    0.836965 0.99021
    0.836966 0.258535
    0.884767 0.183786
    0.931794 0.183786
    0.785163 0.981359
    0.773894 0.981359
    0.207129 0.00481921
    0.144849 0.991814
    0.218315 0.991814
    0.0657451 0.124022
    -0.000175783 0.00872822
    0.207129 0.00481921
    -0.000175783 0.00481921
    -0.000175783 0.00481921
    0.207129 0.00481921
    0.458074 0.115496
    0.455896 0.115491
    0.207132 0.0312187
    0.153629 0.325783
    0.445561 0.219958
    -0.000175783 0.00872822
    0.0657451 0.124022
    -0.000175783 0.00481921
    0.420713 0.476226
    0.228777 0.209759
    0.445561 0.219958
    0.207129 0.00481921
    0.445561 0.219958
    0.455131 0.0697438
    0.455896 0.115491
    0.457361 0.0697438
    0.458074 0.115496
    0.457361 0.0697438
    0.455896 0.115491
    0.435758 0.840189
    0.537503 0.840189
    0.537503 0.840189
    0.435758 0.840189
    0.663641 0.840474
    0.59056 0.840474
    0.663641 0.840474
    0.59056 0.840474
endnode
node trimesh electro_back
  parent w_VbrDblswd_004
  position 0.000759034 0.00102253 0.311536
  orientation -0.271553 -0.683636 0.677423 -3.67169
  scale 1.0
  alpha 1.0
  selfillumcolor 0.0 0.0 0.0
  diffuse 1.0 1.0 1.0
  ambient 1.0 1.0 1.0
  transparencyhint 0
  animateuv 0
  uvdirectionx 0.0
  uvdirectiony 0.0
  uvjitter 0.0
  uvjitterspeed 0.0
  lightmapped 0
  rotatetexture 0
  m_bIsBackgroundGeometry 0
  shadow 1
  beaming 0
  render 1
  dirt_enabled 0
  dirt_texture 0
  dirt_worldspace 0
  hologram_donotdraw 0
  tangentspace 0
  inv_count 0
  bitmap dm_cyb_glow_b1
  verts 18
    -0.00250189 1.18957 0.0100352
    -0.0200574 1.20053 0.0246281
    -0.0193872 1.06921 0.0232262
    -0.000361614 1.06923 0.00960156
    -0.00604951 1.06924 0.00421642
    -0.00684808 1.18959 0.00591868
    -0.00512788 1.05514 0.00406005
    -0.0193937 1.05513 0.0232202
    0.000212641 0.867837 0.00870181
    0.000592758 0.880888 0.00804201
    -0.0189015 0.88089 0.0224198
    -0.0189015 0.867816 0.0224198
    -0.0185621 0.706382 0.0213271
    -0.00655062 0.726486 0.0155465
    -0.00602802 0.880904 0.00178737
    -0.00692543 0.867886 0.00190544
    1.20839e-05 1.05512 0.00893565
    -0.0140343 0.726483 0.00846484
  faces 20
    0 1 2  4  0 1 2  1
    2 3 0  4  2 3 0  1
    4 2 1  4  4 2 1  1
    1 5 4  4  1 5 4  1
    6 7 2  4  6 7 2  1
    2 4 6  4  2 4 6  1
    8 9 10  4  8 9 10  1
    10 11 8  4  10 11 8  1
    11 12 13  4  11 12 13  1
    13 8 11  4  13 8 11  1
    10 14 15  4  10 14 15  1
    15 11 10  4  15 11 10  1
    3 2 7  4  3 2 7  1
    7 16 3  4  7 16 3  1
    16 7 10  4  16 7 10  1
    10 9 16  4  10 9 16  1
    7 6 14  4  7 6 14  1
    14 10 7  4  14 10 7  1
    11 15 17  4  11 15 17  1
    17 12 11  4  17 12 11  1
  tverts 18
    0.584466 0.912233
    0.442224 0.947321
    0.481933 0.390002
    0.584466 0.390002
    0.584466 0.390002
    0.584466 0.912233
    0.659202 0.376787
    0.481871 0.376787
    0.584466 0.272631
    0.659202 0.284731
    0.481439 0.284731
    0.481382 0.272631
    0.480373 0.0391382
    0.584466 0.05781
    0.659202 0.284731
    0.584466 0.272631
    0.659202 0.376787
    0.584466 0.05781
endnode
node trimesh electro_glow_back
  parent w_VbrDblswd_004
  position -0.000647433 0.000796042 0.426529
  orientation -0.268564 -0.683677 0.678572 -3.67813
  scale 1.0
  alpha 1.0
  selfillumcolor 0.0 0.529412 1.0
  diffuse 1.0 1.0 1.0
  ambient 1.0 1.0 1.0
  transparencyhint 0
  animateuv 0
  uvdirectionx 0.0
  uvdirectiony 0.0
  uvjitter 0.0
  uvjitterspeed 0.0
  lightmapped 0
  rotatetexture 0
  m_bIsBackgroundGeometry 0
  shadow 0
  beaming 0
  render 1
  dirt_enabled 0
  dirt_texture 0
  dirt_worldspace 0
  hologram_donotdraw 0
  tangentspace 0
  inv_count 0
  bitmap dm_cyb_glow_b2
  verts 7
    -0.0360412 1.31483 0.0231296
    -0.0201094 1.31482 0.00652924
    -0.02048 0.823299 0.0111581
    -0.0471893 1.30376 0.0354604
    -0.0438673 0.855637 0.0360777
    -0.0352 0.824973 0.0268127
    -0.0433644 0.855637 0.0360777
  faces 8
    1 0 2  4  1 0 2  1
    0 3 2  4  0 3 2  1
    3 4 2  4  3 4 2  1
    2 4 5  4  2 4 5  1
    2 0 1  4  2 0 1  1
    2 3 0  4  2 3 0  1
    2 6 3  4  2 6 3  1
    5 6 2  4  5 6 2  1
  tverts 7
    0.534916 0.948983
    0.375712 0.949649
    0.375712 0.0496483
    0.652423 0.880939
    0.656213 0.0998623
    0.546287 0.0496483
    0.656213 0.0998623
endnode
node trimesh electro_glow_front
  parent w_VbrDblswd_004
  position -0.000647433 0.000796042 -0.0850612
  orientation 0.27371 -0.679504 -0.680703 -3.66705
  scale 1.0
  alpha 1.0
  selfillumcolor 0.0 0.529412 1.0
  diffuse 1.0 1.0 1.0
  ambient 1.0 1.0 1.0
  transparencyhint 0
  animateuv 0
  uvdirectionx 0.0
  uvdirectiony 0.0
  uvjitter 0.0
  uvjitterspeed 0.0
  lightmapped 0
  rotatetexture 0
  m_bIsBackgroundGeometry 0
  shadow 0
  beaming 0
  render 1
  dirt_enabled 0
  dirt_texture 0
  dirt_worldspace 0
  hologram_donotdraw 0
  tangentspace 0
  inv_count 0
  bitmap dm_cyb_glow_b2
  verts 7
    -0.0360412 1.31483 0.0231296
    -0.0201094 1.31482 0.00652924
    -0.02048 0.823299 0.0111581
    -0.0471893 1.30376 0.0354604
    -0.0438673 0.855637 0.0360777
    -0.0352 0.824973 0.0268127
    -0.0433644 0.855637 0.0360777
  faces 8
    1 0 2  4  1 0 2  1
    0 3 2  4  0 3 2  1
    3 4 2  4  3 4 2  1
    2 4 5  4  2 4 5  1
    2 0 1  4  2 0 1  1
    2 3 0  4  2 3 0  1
    2 6 3  4  2 6 3  1
    5 6 2  4  5 6 2  1
  tverts 7
    0.534916 0.948983
    0.375712 0.949649
    0.375712 0.0496483
    0.652423 0.880939
    0.656213 0.0998623
    0.546287 0.0496483
    0.656213 0.0998623
endnode
node trimesh electro_front
  parent w_VbrDblswd_004
  position 0.000759034 0.00102253 0.0282834
  orientation 0.270955 -0.678868 -0.682438 -3.67298
  scale 1.0
  alpha 1.0
  selfillumcolor 0.0 0.0 0.0
  diffuse 1.0 1.0 1.0
  ambient 1.0 1.0 1.0
  transparencyhint 0
  animateuv 0
  uvdirectionx 0.0
  uvdirectiony 0.0
  uvjitter 0.0
  uvjitterspeed 0.0
  lightmapped 0
  rotatetexture 0
  m_bIsBackgroundGeometry 0
  shadow 1
  beaming 0
  render 1
  dirt_enabled 0
  dirt_texture 0
  dirt_worldspace 0
  hologram_donotdraw 0
  tangentspace 0
  inv_count 0
  bitmap dm_cyb_glow_b1
  verts 18
    -0.00250189 1.18957 0.0100352
    -0.0200574 1.20053 0.0246281
    -0.0193872 1.06921 0.0232262
    -0.000361614 1.06923 0.00960156
    -0.00604951 1.06924 0.00421642
    -0.00684808 1.18959 0.00591868
    -0.00512788 1.05514 0.00406005
    -0.0193937 1.05513 0.0232202
    0.000212641 0.867837 0.00870181
    0.000592758 0.880888 0.00804201
    -0.0189015 0.88089 0.0224198
    -0.0189015 0.867816 0.0224198
    -0.0185621 0.706382 0.0213271
    -0.00655062 0.726486 0.0155465
    -0.00602802 0.880904 0.00178737
    -0.00692543 0.867886 0.00190544
    1.20839e-05 1.05512 0.00893565
    -0.0140343 0.726483 0.00846484
  faces 20
    0 1 2  4  0 1 2  1
    2 3 0  4  2 3 0  1
    4 2 1  4  4 2 1  1
    1 5 4  4  1 5 4  1
    6 7 2  4  6 7 2  1
    2 4 6  4  2 4 6  1
    8 9 10  4  8 9 10  1
    10 11 8  4  10 11 8  1
    11 12 13  4  11 12 13  1
    13 8 11  4  13 8 11  1
    10 14 15  4  10 14 15  1
    15 11 10  4  15 11 10  1
    3 2 7  4  3 2 7  1
    7 16 3  4  7 16 3  1
    16 7 10  4  16 7 10  1
    10 9 16  4  10 9 16  1
    7 6 14  4  7 6 14  1
    14 10 7  4  14 10 7  1
    11 15 17  4  11 15 17  1
    17 12 11  4  17 12 11  1
  tverts 18
    0.584466 0.912233
    0.442224 0.947321
    0.481933 0.390002
    0.584466 0.390002
    0.584466 0.390002
    0.584466 0.912233
    0.659202 0.376787
    0.481871 0.376787
    0.584466 0.272631
    0.659202 0.284731
    0.481439 0.284731
    0.481382 0.272631
    0.480373 0.0391382
    0.584466 0.05781
    0.659202 0.284731
    0.584466 0.272631
    0.659202 0.376787
    0.584466 0.05781
endnode
endmodelgeom w_VbrDblswd_004
donemodel w_VbrDblswd_004
