# Exported from KOTORmax 0.4.1 at 07/04/2018 19:10:08
# MODEL ASCII
#local file: C:\Users\ablanche\Desktop\longsaber mod\original\model.max
filedependancy model.max
newmodel w_Lngswrd_001
setsupermodel w_Lngswrd_001 NULL
classification placeable
classification_unk1 0
ignorefog 0
setanimationscale 1.0
compress_quaternions 0
headlink 0


# GEOM ASCII
beginmodelgeom w_Lngswrd_001
  bmin -5.0 -5.0 -1.0
  bmax 5.0 5.0 10.0
  radius 7.0
node dummy w_Lngswrd_001
  parent NULL
endnode
node trimesh w_Longsword
  parent w_Lngswrd_001
  position 0.0 0.0 -0.111695
  orientation 1.0 0.0 0.0 0.0
  scale 1.0
  alpha 1.0
  selfillumcolor 0.0 0.0 0.0
  diffuse 1.0 1.0 1.0
  ambient 1.0 1.0 1.0
  transparencyhint 0
  animateuv 0
  uvdirectionx 0.0
  uvdirectiony 0.0
  uvjitter 0.0
  uvjitterspeed 0.0
  lightmapped 0
  rotatetexture 0
  m_bIsBackgroundGeometry 0
  shadow 1
  beaming 0
  render 1
  dirt_enabled 0
  dirt_texture 1
  dirt_worldspace 1
  hologram_donotdraw 0
  tangentspace 0
  inv_count 92
  bitmap w_Lngswrd_001
  verts 184
    0.0026709 -0.0204154 1.05092
    -4.54712e-05 -0.0204154 1.15556
    -0.00276154 -0.0204154 1.05092
    0.00470978 -0.0204052 0.794218
    -0.00484894 -0.0204052 0.794218
    -0.0081723 -0.0203889 0.207252
    -0.00679321 -0.0203957 0.437477
    -0.000108032 0.0190245 0.207252
    -9.09435e-05 0.00195715 0.437477
    -4.5472e-05 0.00161085 1.11256
    0.0026709 -0.0204154 1.05092
    0.00470978 -0.0204052 0.794218
    -6.68346e-05 0.00195715 0.794218
    -4.5472e-05 0.00161085 1.11256
    -0.00276154 -0.0204154 1.05092
    -4.5471e-05 0.0165156 1.11224
    -4.54712e-05 -0.0204154 1.15556
    -4.54701e-05 0.0180059 1.15552
    0.0026709 -0.0204154 1.05092
    -4.5471e-05 0.0165156 1.11224
    -4.54701e-05 0.0180059 1.15552
    -4.5472e-05 0.00161085 1.11256
    -4.54712e-05 -0.0204154 1.15556
    -0.00294891 0.0732537 0.205314
    0.0029657 0.0732537 0.205314
    -0.00294891 0.0745285 0.203975
    0.0029657 0.0745285 0.203975
    0.0029657 -0.0731789 0.20541
    -0.00294891 -0.0731789 0.20541
    0.0029657 -0.0745388 0.203879
    -0.00294891 -0.0745388 0.203879
    0.0145337 -0.0242995 0.203729
    -0.0145169 -0.0242995 0.203729
    -0.00845917 -0.0632689 0.202264
    0.00847595 -0.0632689 0.202264
    -0.0145169 0.0223382 0.203729
    0.0145337 0.0223382 0.203729
    0.00847595 0.0633015 0.202264
    -0.00845917 0.0633015 0.202264
    0.0145337 0.0171125 0.196252
    -0.0145169 0.0171125 0.196252
    -0.00845917 0.0633015 0.196068
    0.00847595 0.0633015 0.196068
    -0.0145169 -0.018219 0.196252
    0.0145337 -0.018219 0.196252
    0.00847595 -0.0632689 0.196068
    -0.00845917 -0.0632689 0.196068
    0.0145337 0.0223382 0.203729
    0.0145337 0.0171125 0.196252
    0.00847595 0.0633015 0.196068
    0.00847595 0.0633015 0.202264
    0.0145337 -0.018219 0.196252
    0.0145337 -0.0242995 0.203729
    0.00847595 -0.0632689 0.202264
    0.00847595 -0.0632689 0.196068
    -0.0145169 -0.0242995 0.203729
    -0.0145169 -0.018219 0.196252
    -0.00845917 -0.0632689 0.196068
    -0.00845917 -0.0632689 0.202264
    -0.0145169 0.0171125 0.196252
    -0.0145169 0.0223382 0.203729
    -0.00845917 0.0633015 0.202264
    -0.00845917 0.0633015 0.196068
    -0.0145169 -0.0242995 0.203729
    0.0145337 -0.0242995 0.203729
    0.00795624 -0.0203889 0.207252
    -0.0081723 -0.0203889 0.207252
    -0.0145169 0.0223382 0.203729
    -0.000108032 0.0190245 0.207252
    0.0145337 0.0223382 0.203729
    -0.0117517 0.0169446 0.186555
    0.0115234 0.0167108 0.186316
    0.00646851 0.0149645 0.185075
    -0.00645752 0.0149645 0.185075
    0.0115234 0.0167108 0.186316
    -0.0117517 0.0169446 0.186555
    -0.0145169 0.0171125 0.196252
    0.0145337 0.0171125 0.196252
    -0.0127829 1.61743e-05 0.185075
    -0.01604 -0.000125046 0.186453
    -0.0117517 0.0169446 0.186555
    -0.00645752 -0.014932 0.185075
    -0.0115305 -0.0171947 0.186351
    -0.0127829 1.61743e-05 0.185075
    -0.01604 -0.000125046 0.186453
    -0.00645752 0.0149645 0.185075
    0.0116953 -0.0173467 0.186474
    -0.0115305 -0.0171947 0.186351
    -0.00645752 -0.014932 0.185075
    0.00646851 -0.014932 0.185075
    -0.0115305 -0.0171947 0.186351
    0.0116953 -0.0173467 0.186474
    0.0145337 -0.018219 0.196252
    -0.0145169 -0.018219 0.196252
    0.0029657 0.0732537 0.205314
    -0.00294891 0.0732537 0.205314
    -0.00294891 0.0732537 0.205314
    -0.00294891 0.0745285 0.203975
    -0.00294891 0.0745285 0.203975
    0.0029657 0.0745285 0.203975
    0.0029657 0.0745285 0.203975
    0.0029657 0.0732537 0.205314
    -0.00294891 -0.0731789 0.20541
    0.0029657 -0.0731789 0.20541
    0.0029657 -0.0731789 0.20541
    0.0029657 -0.0745388 0.203879
    0.0029657 -0.0745388 0.203879
    -0.00294891 -0.0745388 0.203879
    -0.00294891 -0.0745388 0.203879
    -0.00294891 -0.0731789 0.20541
    0.0145337 0.0171125 0.196252
    0.016008 -0.000317993 0.186395
    0.0115234 0.0167108 0.186316
    0.0145337 -0.018219 0.196252
    0.0116953 -0.0173467 0.186474
    -0.0145169 0.0171125 0.196252
    -0.0117517 0.0169446 0.186555
    -0.01604 -0.000125046 0.186453
    -0.0145169 -0.018219 0.196252
    -0.0115305 -0.0171947 0.186351
    0.0127939 1.61743e-05 0.185075
    0.00846924 1.61743e-05 -0.0855604
    0.00646851 0.0149645 0.185075
    0.00646851 -0.014932 0.185075
    0.00388245 -0.0112413 -0.0844337
    0.00388245 0.0112736 -0.0844337
    0.00388245 0.0112736 -0.0844337
    -0.00361694 0.0112736 -0.0844337
    -0.00645752 0.0149645 0.185075
    0.00646851 0.0149645 0.185075
    -0.00645752 0.0149645 0.185075
    -0.00846924 1.61743e-05 -0.0855604
    -0.0127829 1.61743e-05 0.185075
    -0.00361694 0.0112736 -0.0844337
    -0.00361694 -0.0112413 -0.0844337
    -0.00645752 -0.014932 0.185075
    -0.00361694 -0.0112413 -0.0844337
    0.00388245 -0.0112413 -0.0844337
    0.00646851 -0.014932 0.185075
    -0.00645752 -0.014932 0.185075
    0.00440765 -0.0143475 -0.0969278
    0.0106763 1.61743e-05 -0.0989489
    0.00846924 1.61743e-05 -0.0855604
    0.00388245 -0.0112413 -0.0844337
    0.00440765 0.0143799 -0.0969278
    0.00388245 0.0112736 -0.0844337
    0.00440765 0.0143799 -0.0969278
    -0.00414215 0.0143799 -0.0969278
    -0.00361694 0.0112736 -0.0844337
    0.00388245 0.0112736 -0.0844337
    -0.00414215 0.0143799 -0.0969278
    -0.0106763 1.61743e-05 -0.0989489
    -0.00846924 1.61743e-05 -0.0855604
    -0.00361694 0.0112736 -0.0844337
    -0.00414215 -0.0143475 -0.0969278
    -0.00361694 -0.0112413 -0.0844337
    -0.00414215 -0.0143475 -0.0969278
    0.00440765 -0.0143475 -0.0969278
    0.00388245 -0.0112413 -0.0844337
    -0.00361694 -0.0112413 -0.0844337
    -0.00414215 -0.0143475 -0.0969278
    0.0106763 1.61743e-05 -0.0989489
    0.00440765 -0.0143475 -0.0969278
    -0.0106763 1.61743e-05 -0.0989489
    0.00440765 0.0143799 -0.0969278
    -0.00414215 0.0143799 -0.0969278
    0.0127939 1.61743e-05 0.185075
    0.0115234 0.0167108 0.186316
    0.016008 -0.000317993 0.186395
    0.00646851 0.0149645 0.185075
    0.0116953 -0.0173467 0.186474
    0.00646851 -0.014932 0.185075
    -0.00679321 -0.0203957 0.437477
    0.00660889 -0.0203957 0.437477
    -0.00484894 -0.0204052 0.794218
    -0.00276154 -0.0204154 1.05092
    -4.5472e-05 0.00161085 1.11256
    -6.68346e-05 0.00195715 0.794218
    0.00660889 -0.0203957 0.437477
    -9.09435e-05 0.00195715 0.437477
    -0.0081723 -0.0203889 0.207252
    0.00795624 -0.0203889 0.207252
    0.00795624 -0.0203889 0.207252
    -0.000108032 0.0190245 0.207252
  faces 122
    0 1 2  4  0 1 2  3
    0 2 3  8  0 2 3  3
    4 3 2  8  4 3 2  3
    5 6 7  4  5 6 7  1
    8 7 6  4  8 7 6  1
    9 10 11  16  9 10 11  1
    11 12 9  16  11 12 9  1
    13 14 15  8  13 14 15  1
    16 17 14  8  16 17 14  1
    15 14 17  8  15 14 17  1
    18 19 20  4  18 19 20  1
    18 21 19  32  18 21 19  1
    20 22 18  16  20 22 18  1
    23 24 25  4  23 24 25  4
    26 25 24  4  26 25 24  4
    27 28 29  4  27 28 29  3
    30 29 28  4  30 29 28  3
    31 32 33  8  31 32 33  3
    33 34 31  8  33 34 31  3
    35 36 37  8  35 36 37  4
    37 38 35  8  37 38 35  4
    39 40 41  8  39 40 41  4
    41 42 39  8  41 42 39  4
    43 44 45  8  43 44 45  3
    45 46 43  8  45 46 43  3
    47 48 49  16  47 48 49  5
    49 50 47  16  49 50 47  5
    51 52 53  16  51 52 53  5
    53 54 51  16  53 54 51  5
    55 56 57  16  55 56 57  6
    57 58 55  16  57 58 55  6
    59 60 61  16  59 60 61  6
    61 62 59  16  61 62 59  6
    63 64 65  32  63 64 65  1
    65 66 63  32  65 66 63  1
    67 63 66  32  67 63 66  1
    66 68 67  32  66 68 67  1
    69 67 68  32  69 67 68  1
    65 69 68  32  65 69 68  1
    69 65 64  32  69 65 64  1
    47 52 48  16  47 52 48  5
    51 48 52  16  51 48 52  5
    55 60 56  16  55 60 56  6
    59 56 60  16  59 56 60  6
    70 71 72  4  70 71 72  2
    72 73 70  4  72 73 70  2
    74 75 76  16  74 75 76  2
    76 77 74  16  76 77 74  2
    78 79 80  8  78 79 80  2
    78 81 82  4  78 81 82  2
    83 82 84  16  83 82 84  2
    78 80 85  8  78 80 85  2
    86 87 88  8  86 87 88  2
    88 89 86  8  88 89 86  2
    90 91 92  4  90 91 92  2
    92 93 90  4  92 93 90  2
    38 37 94  8  38 37 94  4
    94 95 38  8  94 95 38  4
    62 61 96  16  62 61 96  4
    96 97 62  16  96 97 62  4
    42 41 98  8  42 41 98  4
    98 99 42  8  98 99 42  4
    50 49 100  16  50 49 100  4
    100 101 50  16  100 101 50  4
    34 33 102  8  34 33 102  3
    102 103 34  8  102 103 34  3
    54 53 104  16  54 53 104  3
    104 105 54  16  104 105 54  3
    46 45 106  8  46 45 106  3
    106 107 46  8  106 107 46  3
    58 57 108  16  58 57 108  3
    108 109 58  16  108 109 58  3
    110 111 112  8  110 111 112  2
    113 111 110  8  113 111 110  2
    113 114 111  8  113 114 111  2
    115 116 117  32  115 116 117  2
    115 117 118  32  115 117 118  2
    117 119 118  32  117 119 118  2
    120 121 122  4  120 121 122  2
    121 123 124  4  121 123 124  2
    121 125 122  4  121 125 122  2
    126 127 128  8  126 127 128  2
    128 129 126  8  128 129 126  2
    130 131 132  16  130 131 132  2
    131 130 133  16  131 130 133  2
    131 134 135  16  131 134 135  2
    135 132 131  16  135 132 131  2
    136 137 138  32  136 137 138  2
    138 139 136  32  138 139 136  2
    140 141 142  8  140 141 142  2
    142 143 140  8  142 143 140  2
    142 144 145  8  142 144 145  2
    144 142 141  8  144 142 141  2
    146 147 148  4  146 147 148  2
    148 149 146  4  148 149 146  2
    150 151 152  8  150 151 152  2
    152 153 150  8  152 153 150  2
    152 154 155  8  152 154 155  2
    154 152 151  8  154 152 151  2
    156 157 158  4  156 157 158  2
    158 159 156  4  158 159 156  2
    160 161 162  16  160 161 162  1
    163 161 160  16  163 161 160  1
    164 161 163  16  164 161 163  1
    164 163 165  16  164 163 165  1
    166 167 168  16  166 167 168  2
    166 169 167  16  166 169 167  2
    166 170 171  16  166 170 171  2
    166 168 170  16  166 168 170  2
    4 172 3  8  4 172 3  3
    173 3 172  8  173 3 172  3
    174 175 176  4  174 175 176  1
    176 177 174  4  176 177 174  1
    11 178 12  16  11 178 12  1
    179 12 178  16  179 12 178  1
    6 174 8  4  6 174 8  1
    177 8 174  4  177 8 174  1
    172 180 173  8  172 180 173  3
    181 173 180  8  181 173 180  3
    178 182 179  16  178 182 179  1
    183 179 182  16  183 179 182  1
    123 121 120  4  123 121 120  2
  tverts 184
    0.49083 0.161122
    0.491182 0.160617
    0.491624 0.161122
    0.490533 0.160034
    0.491929 0.160034
    0.20952 0.181836
    0.209555 0.828309
    0.00413837 0.181836
    0.0133565 0.805698
    0.0133565 0.805698
    0.206144 0.964821
    0.213473 0.0884712
    0.00800672 0.0884714
    0.985034 0.218068
    0.920981 0.000311732
    0.829449 0.219182
    0.551086 0.121592
    0.646828 0.148156
    0.920981 0.000311732
    0.829449 0.219182
    0.646828 0.148156
    0.985034 0.218068
    0.551086 0.121592
    0.69342 0.581015
    0.602296 0.581015
    0.69342 0.553828
    0.602296 0.553828
    0.602296 0.581015
    0.69342 0.581015
    0.602296 0.553828
    0.69342 0.553828
    0.958529 0.509348
    0.807685 0.509348
    0.83914 0.326937
    0.927075 0.326937
    0.807686 0.727653
    0.958529 0.727653
    0.927075 0.919397
    0.83914 0.919397
    0.564391 0.664824
    0.720689 0.664824
    0.688097 0.913913
    0.596983 0.913913
    0.720689 0.664824
    0.564391 0.664824
    0.596983 0.913913
    0.688097 0.913913
    0.403845 0.594997
    0.367431 0.572686
    0.366533 0.76989
    0.396712 0.76989
    0.367431 0.421838
    0.403844 0.395877
    0.396712 0.229496
    0.366533 0.229496
    0.403844 0.395877
    0.367431 0.421838
    0.366533 0.229496
    0.396712 0.229496
    0.367431 0.572686
    0.403845 0.594997
    0.396712 0.76989
    0.366533 0.76989
    0.807685 0.509348
    0.958529 0.509348
    0.924377 0.527653
    0.840629 0.527653
    0.807686 0.727653
    0.882503 0.712142
    0.958529 0.727653
    0.381395 0.8995
    0.264425 0.899006
    0.292483 0.856354
    0.355846 0.859857
    0.560127 0.489803
    0.713686 0.490242
    0.731795 0.542694
    0.541537 0.542694
    0.506381 0.925004
    0.506632 0.992115
    0.4186 0.9893
    0.430496 0.925004
    0.4186 0.9893
    0.506632 0.992115
    0.506381 0.925004
    0.430496 0.925004
    0.264425 0.899006
    0.381395 0.8995
    0.355846 0.859857
    0.292483 0.856354
    0.713686 0.490242
    0.560127 0.489803
    0.541537 0.542694
    0.731795 0.542694
    0.898464 0.965982
    0.867752 0.965982
    0.411565 0.812381
    0.405046 0.817824
    0.658451 0.976226
    0.626629 0.976226
    0.405046 0.817824
    0.411565 0.812381
    0.867751 0.280549
    0.898463 0.280549
    0.412034 0.187186
    0.404576 0.18138
    0.626629 0.976226
    0.658451 0.976226
    0.404576 0.18138
    0.412034 0.187186
    0.252041 0.987126
    0.327345 0.933173
    0.257896 0.932351
    0.396059 0.986839
    0.397759 0.932563
    0.252041 0.987126
    0.257896 0.932351
    0.327345 0.933173
    0.396059 0.986839
    0.397759 0.932563
    0.506381 0.925004
    0.506381 0.190748
    0.430496 0.925004
    0.430496 0.925004
    0.449233 0.190748
    0.449233 0.190748
    0.307323 0.171806
    0.347696 0.171806
    0.355846 0.859857
    0.292483 0.856354
    0.430496 0.925004
    0.506381 0.190748
    0.506381 0.925004
    0.449233 0.190748
    0.449233 0.190748
    0.430496 0.925004
    0.347696 0.171806
    0.307323 0.171806
    0.292483 0.856354
    0.355846 0.859857
    0.433463 0.136083
    0.506381 0.125693
    0.506381 0.190748
    0.449233 0.190748
    0.433463 0.136083
    0.449233 0.190748
    0.307283 0.0681783
    0.347053 0.0681783
    0.347696 0.171806
    0.307323 0.171806
    0.433463 0.136083
    0.506381 0.125693
    0.506381 0.190748
    0.449233 0.190748
    0.433463 0.136083
    0.449233 0.190748
    0.347053 0.0681783
    0.307283 0.0681783
    0.307323 0.171806
    0.347696 0.171806
    0.567521 0.417071
    0.628694 0.332165
    0.567521 0.368083
    0.628694 0.454511
    0.567521 0.368083
    0.567521 0.417071
    0.506632 0.992115
    0.4186 0.9893
    0.506381 0.925004
    0.430496 0.925004
    0.4186 0.9893
    0.430496 0.925004
    0.49202 0.160945
    0.490062 0.160945
    0.213473 0.0884714
    0.206144 0.964821
    0.0133565 0.805698
    0.00800672 0.0884714
    0.209555 0.828309
    0.0133565 0.805698
    0.492335 0.160097
    0.489979 0.160097
    0.20952 0.181836
    0.00413837 0.181836
endnode
node trimesh electro
  parent w_Lngswrd_001
  position 0.000759034 0.00102253 0.0282834
  orientation 0.270955 -0.678868 -0.682438 -3.67298
  scale 1.0
  alpha 1.0
  selfillumcolor 0.0 0.0 0.0
  diffuse 1.0 1.0 1.0
  ambient 1.0 1.0 1.0
  transparencyhint 0
  animateuv 0
  uvdirectionx 0.0
  uvdirectiony 0.0
  uvjitter 0.0
  uvjitterspeed 0.0
  lightmapped 0
  rotatetexture 0
  m_bIsBackgroundGeometry 0
  shadow 1
  beaming 0
  render 1
  dirt_enabled 0
  dirt_texture 0
  dirt_worldspace 0
  hologram_donotdraw 0
  tangentspace 0
  inv_count 0
  bitmap dm_cyb_glow_o1
  verts 18
    0.0052844 0.979614 0.00380659
    -0.0112913 0.980586 0.0178115
    -0.011117 0.687486 0.0139343
    0.00671615 0.687493 0.00156629
    0.000235173 0.687486 -0.00298314
    0.00139173 0.97961 -0.000237409
    0.00212392 0.673381 -0.0041458
    -0.011117 0.673405 0.0139344
    0.00676989 0.394773 0.000706748
    0.00715002 0.407824 4.69533e-05
    -0.0110632 0.407841 0.0130748
    -0.0110632 0.394766 0.0130748
    -0.0105254 0.0822754 0.0132328
    0.00313006 0.203774 0.00681327
    0.001793 0.407819 -0.00537037
    -9.57695e-05 0.394768 -0.0042077
    0.00709631 0.673388 0.000906516
    -0.00665691 0.203767 0.00158028
  faces 20
    0 1 2  4  0 1 2  1
    2 3 0  4  2 3 0  1
    4 2 1  4  4 2 1  1
    1 5 4  4  1 5 4  1
    6 7 2  4  6 7 2  1
    2 4 6  4  2 4 6  1
    8 9 10  4  8 9 10  1
    10 11 8  4  10 11 8  1
    11 12 13  4  11 12 13  1
    13 8 11  4  13 8 11  1
    10 14 15  4  10 14 15  1
    15 11 10  4  15 11 10  1
    3 2 7  4  3 2 7  1
    7 16 3  4  7 16 3  1
    16 7 10  4  16 7 10  1
    10 9 16  4  10 9 16  1
    7 6 14  4  7 6 14  1
    14 10 7  4  14 10 7  1
    11 15 17  4  11 15 17  1
    17 12 11  4  17 12 11  1
  tverts 18
    0.584466 0.912233
    0.442224 0.947321
    0.481933 0.390002
    0.584466 0.390002
    0.584466 0.390002
    0.584466 0.912233
    0.659202 0.376787
    0.481871 0.376787
    0.584466 0.272631
    0.659202 0.284731
    0.481439 0.284731
    0.481382 0.272631
    0.480373 0.0391382
    0.584466 0.05781
    0.659202 0.284731
    0.584466 0.272631
    0.659202 0.376787
    0.584466 0.05781
endnode
node trimesh electro_glow
  parent w_Lngswrd_001
  position -0.000647433 0.000796042 0.0282834
  orientation 0.27371 -0.679504 -0.680703 -3.66705
  scale 1.0
  alpha 1.0
  selfillumcolor 0.0 0.529412 1.0
  diffuse 1.0 1.0 1.0
  ambient 1.0 1.0 1.0
  transparencyhint 0
  animateuv 0
  uvdirectionx 0.0
  uvdirectiony 0.0
  uvjitter 0.0
  uvjitterspeed 0.0
  lightmapped 0
  rotatetexture 0
  m_bIsBackgroundGeometry 0
  shadow 0
  beaming 0
  render 1
  dirt_enabled 0
  dirt_texture 0
  dirt_worldspace 0
  hologram_donotdraw 0
  tangentspace 0
  inv_count 0
  bitmap dm_cyb_glow_o2
  verts 7
    -0.015899 0.984434 0.0172866
    -0.000439546 0.984419 0.00118393
    -0.00425867 0.0908526 0.00552192
    -0.0270471 0.973365 0.0296174
    -0.0245887 0.127755 0.0271837
    -0.0158911 0.0925452 0.0179228
    -0.0240858 0.127755 0.0271837
  faces 8
    1 0 2  4  1 0 2  1
    0 3 2  4  0 3 2  1
    3 4 2  4  3 4 2  1
    2 4 5  4  2 4 5  1
    2 0 1  4  2 0 1  1
    2 3 0  4  2 3 0  1
    2 6 3  4  2 6 3  1
    5 6 2  4  5 6 2  1
  tverts 7
    0.534916 0.948983
    0.375712 0.949649
    0.375712 0.0496483
    0.652423 0.880939
    0.656213 0.0998623
    0.546287 0.0496483
    0.656213 0.0998623
endnode
endmodelgeom w_Lngswrd_001
donemodel w_Lngswrd_001
