# Exported from KOTORmax 0.4.1 at 12/16/2018 7:22:30 PM
# MODEL ASCII
#local file: C:\Users\ablanche\Documents\Modding\Kotor\STAR WARS Knights of the Old Republic\Works\w_shortswrd_003\moded_model.max
filedependancy moded_model.max
newmodel w_Shortswrd_003
setsupermodel w_Shortswrd_003 NULL
classification placeable
classification_unk1 0
ignorefog 0
setanimationscale 1.0
compress_quaternions 0
headlink 0


# GEOM ASCII
beginmodelgeom w_Shortswrd_003
  bmin -5.0 -5.0 -1.0
  bmax 5.0 5.0 10.0
  radius 7.0
node dummy w_Shortswrd_003
  parent NULL
endnode
node trimesh w_Shortsword02
  parent w_Shortswrd_003
  position 0.0 0.0 -0.042317
  orientation 1.0 0.0 0.0 0.0
  scale 1.0
  alpha 1.0
  selfillumcolor 0.0 0.0 0.0
  diffuse 1.0 1.0 1.0
  ambient 1.0 1.0 1.0
  transparencyhint 0
  animateuv 0
  uvdirectionx 0.0
  uvdirectiony 0.0
  uvjitter 0.0
  uvjitterspeed 0.0
  lightmapped 0
  rotatetexture 0
  m_bIsBackgroundGeometry 0
  shadow 1
  beaming 0
  render 1
  dirt_enabled 0
  dirt_texture 1
  dirt_worldspace 1
  hologram_donotdraw 0
  tangentspace 0
  bitmap w_Shortswrd_003
  verts 184
    0.00397553 -0.0189664 0.835321
    -0.00404572 -0.0189664 0.835321
    0.00499023 -0.0189664 0.579335
    -0.00506073 -0.0189664 0.579335
    -0.00404572 -0.0189664 0.835321
    -3.5096e-05 -0.000137578 0.76542
    -0.00506073 -0.0189664 0.579335
    -3.5096e-05 -0.000137577 0.579335
    0.00397553 -0.0189664 0.835321
    0.00499023 -0.0189664 0.579335
    -3.5096e-05 -0.000137578 0.76542
    -3.5096e-05 -0.000137577 0.579335
    -0.00404572 -0.0189664 0.835321
    -3.5095e-05 0.0169791 0.83001
    -3.50952e-05 -0.0353044 0.93266
    -3.50952e-05 -0.00589931 0.892033
    -0.00404572 -0.0189664 0.835321
    -3.5095e-05 0.0169791 0.83001
    0.00397553 -0.0189664 0.835321
    -3.5095e-05 0.0169791 0.83001
    -3.50952e-05 -0.00589931 0.892033
    -3.50952e-05 -0.0353044 0.93266
    -3.50952e-05 -0.0353044 0.93266
    0.00397553 -0.0189664 0.835321
    -3.5095e-05 0.0169791 0.83001
    -0.00315704 0.0662599 0.131073
    0.00315735 0.0662599 0.131073
    -0.00315704 0.0674115 0.13006
    0.00315735 0.0674115 0.13006
    0.00315735 -0.0660169 0.131146
    -0.00315704 -0.0660169 0.131146
    0.00315735 -0.0672453 0.129987
    -0.00315704 -0.0672453 0.129987
    0.0156616 -0.0229941 0.129874
    -0.0156616 -0.0229941 0.129874
    -0.00903961 -0.0570649 0.128766
    0.00903961 -0.0570649 0.128766
    -0.0156616 0.0208201 0.129874
    0.0156616 0.0208201 0.129874
    0.00903961 0.0572697 0.128766
    -0.00903961 0.0572697 0.128766
    0.0156616 0.0208201 0.124216
    -0.0156616 0.0208201 0.124216
    -0.00903961 0.0572697 0.124076
    0.00903961 0.0572697 0.124076
    -0.0156616 -0.0229941 0.124216
    0.0156616 -0.0229941 0.124216
    0.00903961 -0.0570649 0.124076
    -0.00903961 -0.0570648 0.124076
    0.0156616 0.0208201 0.129874
    0.0156616 0.0208201 0.124216
    0.00903961 0.0572697 0.124076
    0.00903961 0.0572697 0.128766
    0.0156616 -0.0229941 0.124216
    0.0156616 -0.0229941 0.129874
    0.00903961 -0.0570649 0.128766
    0.00903961 -0.0570649 0.124076
    -0.0156616 -0.0229941 0.129874
    -0.0156616 -0.0229941 0.124216
    -0.00903961 -0.0570648 0.124076
    -0.00903961 -0.0570649 0.128766
    -0.0156616 0.0208201 0.124216
    -0.0156616 0.0208201 0.129874
    -0.00903961 0.0572697 0.128766
    -0.00903961 0.0572697 0.124076
    0.00595978 -0.0189664 0.133523
    -0.00603027 -0.0189664 0.133523
    -0.0156616 0.0208201 0.129874
    -0.0156616 -0.0229941 0.129874
    -0.00603027 -0.0189664 0.133523
    -3.50952e-05 0.0176971 0.133523
    -3.50952e-05 0.0176971 0.133523
    0.0156616 -0.0229941 0.129874
    0.0156616 0.0208201 0.129874
    -3.50952e-05 0.0176971 0.133523
    0.00595978 -0.0189664 0.133523
    0.0107721 1.50097e-05 0.117582
    0.0156616 -0.0229941 0.124216
    0.00544403 -0.013496 0.117582
    0.00544403 0.013526 0.117582
    0.0156616 0.0208201 0.124216
    0.00544403 0.013526 0.117582
    -0.00544403 0.013526 0.117582
    -0.0107718 1.50097e-05 0.117582
    -0.0156616 0.0208201 0.124216
    -0.00544403 0.013526 0.117582
    -0.00544403 -0.013496 0.117582
    -0.0156616 -0.0229941 0.124216
    -0.00544403 -0.013496 0.117582
    0.00544403 -0.013496 0.117582
    0.00315735 0.0662599 0.131073
    -0.00315704 0.0662599 0.131073
    -0.00315704 0.0662599 0.131073
    -0.00315704 0.0674115 0.13006
    -0.00315704 0.0674115 0.13006
    0.00315735 0.0674115 0.13006
    0.00315735 0.0674115 0.13006
    0.00315735 0.0662599 0.131073
    -0.00315704 -0.0660169 0.131146
    0.00315735 -0.0660169 0.131146
    0.00315735 -0.0660169 0.131146
    0.00315735 -0.0672453 0.129987
    0.00315735 -0.0672453 0.129987
    -0.00315704 -0.0672453 0.129987
    -0.00315704 -0.0672453 0.129987
    -0.00315704 -0.0660169 0.131146
    0.00544403 -0.013496 0.117582
    0.0106131 1.50129e-05 -0.0638347
    0.0107721 1.50097e-05 0.117582
    0.00583832 -0.0107187 -0.0627866
    0.00583832 0.0107486 -0.0627866
    0.00544403 0.013526 0.117582
    0.00583832 0.0107486 -0.0627866
    -0.00543915 0.0107486 -0.0627866
    -0.00544403 0.013526 0.117582
    0.00544403 0.013526 0.117582
    -0.00544403 0.013526 0.117582
    -0.0106131 1.50129e-05 -0.0638347
    -0.0107718 1.50097e-05 0.117582
    -0.00543915 0.0107486 -0.0627866
    -0.00543915 -0.0107187 -0.0627866
    -0.00544403 -0.013496 0.117582
    -0.00543915 -0.0107187 -0.0627866
    0.00583832 -0.0107187 -0.0627866
    0.00544403 -0.013496 0.117582
    -0.00544403 -0.013496 0.117582
    0.00662781 -0.0122213 -0.0696855
    0.0143112 1.50129e-05 -0.0696855
    0.0106131 1.50129e-05 -0.0638347
    0.00583832 -0.0107187 -0.0627866
    0.00662781 0.0122514 -0.0696855
    0.00583832 0.0107486 -0.0627866
    0.00662781 0.0122514 -0.0696855
    -0.00622864 0.0122514 -0.0696855
    -0.00543915 0.0107486 -0.0627866
    0.00583832 0.0107486 -0.0627866
    -0.00622864 0.0122514 -0.0696855
    -0.0144763 1.50129e-05 -0.0696855
    -0.0106131 1.50129e-05 -0.0638347
    -0.00543915 0.0107486 -0.0627866
    -0.00622864 -0.0122213 -0.0696855
    -0.00543915 -0.0107187 -0.0627866
    -0.00622864 -0.0122213 -0.0696855
    0.00662781 -0.0122213 -0.0696855
    0.00583832 -0.0107187 -0.0627866
    -0.00543915 -0.0107187 -0.0627866
    0.00662781 -0.0122213 -0.0696855
    0.00964294 1.50129e-05 -0.097812
    0.0143112 1.50129e-05 -0.0696855
    0.00454315 -0.00874886 -0.097812
    0.00454315 0.00877888 -0.097812
    0.00662781 0.0122514 -0.0696855
    0.00454315 0.00877888 -0.097812
    -0.00414368 0.00877888 -0.097812
    -0.00622864 0.0122514 -0.0696855
    0.00662781 0.0122514 -0.0696855
    -0.00622864 0.0122514 -0.0696855
    -0.0118729 1.50129e-05 -0.097812
    -0.0144763 1.50129e-05 -0.0696855
    -0.00414368 0.00877888 -0.097812
    -0.00414368 -0.00874886 -0.097812
    -0.00622864 -0.0122213 -0.0696855
    -0.00414368 -0.00874886 -0.097812
    0.00454315 -0.00874886 -0.097812
    0.00662781 -0.0122213 -0.0696855
    -0.00622864 -0.0122213 -0.0696855
    0.00964294 1.50129e-05 -0.097812
    -0.0118729 1.50129e-05 -0.097812
    -0.00414368 0.00877888 -0.097812
    -0.00414368 -0.00874886 -0.097812
    0.00454315 0.00877888 -0.097812
    0.00454315 -0.00874886 -0.097812
    -0.00556366 -0.0189664 0.283558
    0.00549316 -0.0189664 0.283558
    -3.5096e-05 -0.000137577 0.283558
    -0.00556366 -0.0189664 0.283558
    0.00549316 -0.0189664 0.283558
    -3.5096e-05 -0.000137577 0.283558
    -0.00603027 -0.0189664 0.133523
    0.00595978 -0.0189664 0.133523
    -3.50952e-05 0.0176971 0.133523
    -0.00603027 -0.0189664 0.133523
    0.00595978 -0.0189664 0.133523
    -3.50952e-05 0.0176971 0.133523
  faces 122
    0 1 2  1  0 1 2  3
    3 2 1  1  3 2 1  3
    4 5 6  1  4 5 6  1
    7 6 5  1  7 6 5  1
    8 9 10  1  8 9 10  1
    11 10 9  1  11 10 9  1
    5 12 13  1  5 12 13  1
    14 15 16  1  14 15 16  1
    17 16 15  1  17 16 15  1
    18 19 20  1  18 19 20  1
    20 21 18  1  20 21 18  1
    1 0 22  1  1 0 22  3
    23 10 24  1  23 10 24  1
    25 26 27  1  25 26 27  4
    28 27 26  1  28 27 26  4
    29 30 31  1  29 30 31  3
    32 31 30  1  32 31 30  3
    33 34 35  1  33 34 35  3
    35 36 33  1  35 36 33  3
    37 38 39  1  37 38 39  4
    39 40 37  1  39 40 37  4
    41 42 43  1  41 42 43  4
    43 44 41  1  43 44 41  4
    45 46 47  1  45 46 47  3
    47 48 45  1  47 48 45  3
    49 50 51  1  49 50 51  5
    51 52 49  1  51 52 49  5
    53 54 55  1  53 54 55  5
    55 56 53  1  55 56 53  5
    57 58 59  1  57 58 59  6
    59 60 57  1  59 60 57  6
    61 62 63  1  61 62 63  6
    63 64 61  1  63 64 61  6
    34 33 65  1  34 33 65  1
    65 66 34  1  65 66 34  1
    67 68 69  1  67 68 69  1
    69 70 67  1  69 70 67  1
    38 37 71  1  38 37 71  1
    72 73 74  1  72 73 74  1
    74 75 72  1  74 75 72  1
    49 54 50  1  49 54 50  5
    53 50 54  1  53 50 54  5
    57 62 58  1  57 62 58  6
    61 58 62  1  61 58 62  6
    76 77 78  1  76 77 78  2
    76 79 80  1  76 79 80  2
    77 76 80  1  77 76 80  2
    42 41 81  1  42 41 81  2
    81 82 42  1  81 82 42  2
    83 84 85  1  83 84 85  2
    83 86 87  1  83 86 87  2
    84 83 87  1  84 83 87  2
    46 45 88  1  46 45 88  2
    88 89 46  1  88 89 46  2
    40 39 90  1  40 39 90  4
    90 91 40  1  90 91 40  4
    64 63 92  1  64 63 92  4
    92 93 64  1  92 93 64  4
    44 43 94  1  44 43 94  4
    94 95 44  1  94 95 44  4
    52 51 96  1  52 51 96  4
    96 97 52  1  96 97 52  4
    36 35 98  1  36 35 98  3
    98 99 36  1  98 99 36  3
    56 55 100  1  56 55 100  3
    100 101 56  1  100 101 56  3
    48 47 102  1  48 47 102  3
    102 103 48  1  102 103 48  3
    60 59 104  1  60 59 104  3
    104 105 60  1  104 105 60  3
    106 107 108  1  106 107 108  2
    107 106 109  1  107 106 109  2
    107 110 111  1  107 110 111  2
    111 108 107  1  111 108 107  2
    112 113 114  1  112 113 114  2
    114 115 112  1  114 115 112  2
    116 117 118  1  116 117 118  2
    117 116 119  1  117 116 119  2
    117 120 121  1  117 120 121  2
    121 118 117  1  121 118 117  2
    122 123 124  1  122 123 124  2
    124 125 122  1  124 125 122  2
    126 127 128  1  126 127 128  2
    128 129 126  1  128 129 126  2
    128 130 131  1  128 130 131  2
    130 128 127  1  130 128 127  2
    132 133 134  1  132 133 134  2
    134 135 132  1  134 135 132  2
    136 137 138  1  136 137 138  2
    138 139 136  1  138 139 136  2
    138 140 141  1  138 140 141  2
    140 138 137  1  140 138 137  2
    142 143 144  1  142 143 144  2
    144 145 142  1  144 145 142  2
    146 147 148  1  146 147 148  2
    147 146 149  1  147 146 149  2
    147 150 151  1  147 150 151  2
    151 148 147  1  151 148 147  2
    152 153 154  1  152 153 154  2
    154 155 152  1  154 155 152  2
    156 157 158  1  156 157 158  2
    157 156 159  1  157 156 159  2
    157 160 161  1  157 160 161  2
    161 158 157  1  161 158 157  2
    162 163 164  1  162 163 164  2
    164 165 162  1  164 165 162  2
    166 167 168  1  166 167 168  1
    169 167 166  1  169 167 166  1
    166 168 170  1  166 168 170  1
    169 166 171  1  169 166 171  1
    3 172 2  1  3 172 2  3
    173 2 172  1  173 2 172  3
    7 174 6  1  7 174 6  1
    175 6 174  1  175 6 174  1
    9 176 11  1  9 176 11  1
    177 11 176  1  177 11 176  1
    172 178 173  1  172 178 173  3
    179 173 178  1  179 173 178  3
    174 180 175  1  174 180 175  1
    181 175 180  1  181 175 180  1
    176 182 177  1  176 182 177  1
    183 177 182  1  183 177 182  1
  tverts 184
    0.525773 0.350708
    0.524875 0.350708
    0.525886 0.347462
    0.524761 0.347462
    0.140928 0.947784
    0.0158541 0.610727
    0.180167 0.0586057
    0.0158543 0.0586057
    0.140928 0.947784
    0.180167 0.0586057
    0.0158541 0.610727
    0.0158543 0.0586057
    0.13705 0.971516
    0.00830564 0.964062
    0.367117 0.0316801
    0.595207 0.163463
    0.982496 0.0494661
    0.946447 0.212631
    0.982496 0.0494661
    0.946447 0.212631
    0.595207 0.163463
    0.367117 0.0316801
    0.523664 0.348275
    0.13705 0.971516
    0.00830564 0.964062
    0.760304 0.820512
    0.760905 0.898192
    0.782833 0.821439
    0.783952 0.898043
    0.760905 0.898192
    0.760304 0.820512
    0.783952 0.898043
    0.782833 0.821439
    0.782324 0.704306
    0.971439 0.704306
    0.931459 0.875768
    0.822305 0.875768
    0.971439 0.48381
    0.782324 0.483811
    0.822305 0.300377
    0.931458 0.300377
    0.552081 0.491357
    0.773527 0.491356
    0.728483 0.286813
    0.605509 0.286813
    0.773527 0.737228
    0.552081 0.737228
    0.605509 0.928422
    0.728484 0.928422
    0.286712 0.350262
    0.244624 0.350262
    0.243586 0.101599
    0.278468 0.101599
    0.244624 0.649168
    0.286712 0.649168
    0.278468 0.881602
    0.243586 0.881602
    0.286712 0.649168
    0.244624 0.649168
    0.243586 0.881602
    0.278468 0.881602
    0.244624 0.350262
    0.286712 0.350262
    0.278468 0.101599
    0.243586 0.101599
    0.8409 0.684037
    0.91329 0.684037
    0.971439 0.48381
    0.971439 0.704306
    0.91329 0.684037
    0.877095 0.499527
    0.877095 0.499527
    0.782324 0.704306
    0.782324 0.483811
    0.877095 0.499527
    0.8409 0.684037
    0.593726 0.608108
    0.552081 0.737228
    0.629967 0.683928
    0.629967 0.532289
    0.552081 0.491357
    0.629967 0.532289
    0.704026 0.532289
    0.740267 0.608108
    0.773527 0.491356
    0.704026 0.532289
    0.704026 0.683928
    0.773527 0.737228
    0.704026 0.683928
    0.629967 0.683928
    0.85782 0.255134
    0.895943 0.255134
    0.295636 0.0402671
    0.295636 0.0402671
    0.688471 0.229901
    0.645521 0.229901
    0.295636 0.0402671
    0.295636 0.0402671
    0.895943 0.920819
    0.85782 0.920819
    0.296178 0.942674
    0.296178 0.942674
    0.645521 0.985552
    0.688471 0.985552
    0.296178 0.942674
    0.296178 0.942674
    0.44121 0.868423
    0.344279 0.322783
    0.344279 0.868423
    0.421459 0.328044
    0.421459 0.328044
    0.44121 0.868423
    0.538899 0.349429
    0.461774 0.349211
    0.461741 0.953809
    0.537806 0.953809
    0.44121 0.868423
    0.344279 0.322783
    0.344279 0.868423
    0.421459 0.328044
    0.421459 0.328044
    0.44121 0.868423
    0.461774 0.349211
    0.538899 0.349429
    0.537806 0.953809
    0.461741 0.953809
    0.432145 0.293412
    0.344279 0.293412
    0.344279 0.322783
    0.421459 0.328044
    0.432145 0.293412
    0.421459 0.328044
    0.546076 0.310464
    0.456259 0.310464
    0.461774 0.349211
    0.538899 0.349429
    0.432145 0.293412
    0.344279 0.293412
    0.344279 0.322783
    0.421459 0.328044
    0.432145 0.293412
    0.421459 0.328044
    0.456259 0.310464
    0.546076 0.310464
    0.538899 0.349429
    0.461774 0.349211
    0.432145 0.293412
    0.344279 0.152222
    0.344279 0.293412
    0.40745 0.152222
    0.40745 0.152222
    0.432145 0.293412
    0.531511 0.152494
    0.470824 0.152494
    0.456259 0.310464
    0.546076 0.310464
    0.432145 0.293412
    0.344279 0.152222
    0.344279 0.293412
    0.40745 0.152222
    0.40745 0.152222
    0.432145 0.293412
    0.470824 0.152494
    0.531511 0.152494
    0.546076 0.310464
    0.456259 0.310464
    0.646798 0.552796
    0.646798 0.648103
    0.69385 0.614327
    0.69385 0.614327
    0.69385 0.575847
    0.69385 0.575847
    0.524809 0.350602
    0.526047 0.350602
    0.00421322 0.992991
    0.190501 0.981916
    0.174989 0.988244
    0.00421322 0.992991
    0.525041 0.347477
    0.526384 0.347477
    0.0151212 0.236724
    0.161507 0.241855
    0.179556 0.241855
    0.0151212 0.236724
endnode
node trimesh electro
  parent w_Shortswrd_003
  position 0.000759034 0.00102253 0.0282834
  orientation 0.270955 -0.678868 -0.682438 -3.67298
  scale 1.0
  alpha 1.0
  selfillumcolor 0.0 0.0 0.0
  diffuse 1.0 1.0 1.0
  ambient 1.0 1.0 1.0
  transparencyhint 0
  animateuv 0
  uvdirectionx 0.0
  uvdirectiony 0.0
  uvjitter 0.0
  uvjitterspeed 0.0
  lightmapped 0
  rotatetexture 0
  m_bIsBackgroundGeometry 0
  shadow 1
  beaming 0
  render 1
  dirt_enabled 0
  dirt_texture 0
  dirt_worldspace 0
  hologram_donotdraw 0
  tangentspace 0
  inv_count 0
  bitmap dm_cyb_glow_g1
  verts 18
    0.00761503 0.762274 0.00169035
    -0.0116504 0.757533 0.0172514
    -0.011025 0.517862 0.0139551
    0.00680811 0.517869 0.00158714
    0.000327135 0.517862 -0.0029623
    -0.000425322 0.76225 0.00146677
    0.00220942 0.503757 -0.00413109
    -0.0110315 0.503781 0.0139491
    0.00643804 0.308618 0.00157337
    0.00681816 0.321669 0.000913579
    -0.0113951 0.321686 0.0139414
    -0.0113951 0.308611 0.0139414
    -0.0130875 0.0629119 0.0157195
    0.00750298 0.0670404 0.00143026
    0.00146114 0.321664 -0.00450374
    -0.000427626 0.308613 -0.00334107
    0.00718181 0.503764 0.000921224
    -0.00228399 0.0670334 -0.00380273
  faces 20
    0 1 2  4  0 1 2  1
    2 3 0  4  2 3 0  1
    4 2 1  4  4 2 1  1
    1 5 4  4  1 5 4  1
    6 7 2  4  6 7 2  1
    2 4 6  4  2 4 6  1
    8 9 10  4  8 9 10  1
    10 11 8  4  10 11 8  1
    11 12 13  4  11 12 13  1
    13 8 11  4  13 8 11  1
    10 14 15  4  10 14 15  1
    15 11 10  4  15 11 10  1
    3 2 7  4  3 2 7  1
    7 16 3  4  7 16 3  1
    16 7 10  4  16 7 10  1
    10 9 16  4  10 9 16  1
    7 6 14  4  7 6 14  1
    14 10 7  4  14 10 7  1
    11 15 17  4  11 15 17  1
    17 12 11  4  17 12 11  1
  tverts 18
    0.584466 0.912233
    0.442224 0.947321
    0.481933 0.390002
    0.584466 0.390002
    0.584466 0.390002
    0.584466 0.912233
    0.659202 0.376787
    0.481871 0.376787
    0.584466 0.272631
    0.659202 0.284731
    0.481439 0.284731
    0.481382 0.272631
    0.480373 0.0391382
    0.584466 0.05781
    0.659202 0.284731
    0.584466 0.272631
    0.659202 0.376787
    0.584466 0.05781
endnode
node trimesh electro_glow
  parent w_Shortswrd_003
  position -0.000647433 0.000796042 -0.0850612
  orientation 0.27371 -0.679504 -0.680703 -3.66705
  scale 1.0
  alpha 1.0
  selfillumcolor 0.0 0.529412 1.0
  diffuse 1.0 1.0 1.0
  ambient 1.0 1.0 1.0
  transparencyhint 0
  animateuv 0
  uvdirectionx 0.0
  uvdirectiony 0.0
  uvjitter 0.0
  uvjitterspeed 0.0
  lightmapped 0
  rotatetexture 0
  m_bIsBackgroundGeometry 0
  shadow 0
  beaming 0
  render 1
  dirt_enabled 0
  dirt_texture 0
  dirt_worldspace 0
  hologram_donotdraw 0
  tangentspace 0
  inv_count 0
  bitmap dm_cyb_glow_g2
  verts 7
    -0.0311735 0.870748 0.0252078
    -0.0152417 0.870736 0.00860742
    -0.0158328 0.177016 0.0122265
    -0.0423216 0.859679 0.0375386
    -0.0392202 0.209355 0.0371461
    -0.0305528 0.178691 0.0278811
    -0.0387173 0.209355 0.0371461
  faces 8
    1 0 2  4  1 0 2  1
    0 3 2  4  0 3 2  1
    3 4 2  4  3 4 2  1
    2 4 5  4  2 4 5  1
    2 0 1  4  2 0 1  1
    2 3 0  4  2 3 0  1
    2 6 3  4  2 6 3  1
    5 6 2  4  5 6 2  1
  tverts 7
    0.534916 0.948983
    0.375712 0.949649
    0.375712 0.0496483
    0.652423 0.880939
    0.656213 0.0998623
    0.546287 0.0496483
    0.656213 0.0998623
endnode
endmodelgeom w_Shortswrd_003
donemodel w_Shortswrd_003
