# Exported from KOTORmax 0.4.1 at 12/16/2018 2:22:33 PM
# MODEL ASCII
#local file: C:\Users\ablanche\Documents\Modding\Kotor\STAR WARS Knights of the Old Republic\Works\w_vbroswrd_005\moded_model.max
filedependancy moded_model.max
newmodel w_Vbroswrd_005
setsupermodel w_Vbroswrd_005 NULL
classification placeable
classification_unk1 0
ignorefog 0
setanimationscale 1.0
compress_quaternions 0
headlink 0


# GEOM ASCII
beginmodelgeom w_Vbroswrd_005
  bmin -5.0 -5.0 -1.0
  bmax 5.0 5.0 10.0
  radius 7.0
node dummy w_Vbroswrd_005
  parent NULL
endnode
node trimesh VS_SIP04
  parent w_Vbroswrd_005
  position 0.00149109 -0.00155457 -0.0478092
  orientation 0.0 0.0 -1.0 -1.5708
  scale 1.0
  alpha 1.0
  selfillumcolor 1.0 1.0 1.0
  diffuse 1.0 1.0 1.0
  ambient 1.0 1.0 1.0
  transparencyhint 0
  animateuv 0
  uvdirectionx 0.0
  uvdirectiony 0.0
  uvjitter 0.0
  uvjitterspeed 0.0
  lightmapped 0
  rotatetexture 0
  m_bIsBackgroundGeometry 0
  shadow 0
  beaming 0
  render 1
  dirt_enabled 0
  dirt_texture 1
  dirt_worldspace 1
  hologram_donotdraw 0
  tangentspace 0
  bitmap w_Vbroswrd_005
  verts 20
    -0.0223941 -0.00852814 0.0985477
    0.0216345 -0.00852814 0.0985477
    0.0216345 -0.00852814 0.132981
    -0.0223941 -0.00852814 0.132981
    -0.0223941 0.00839996 0.132981
    0.0216345 0.00839996 0.132981
    0.0216345 0.00839996 0.0985477
    -0.0223941 0.00839996 0.0985477
    0.0284851 -0.00343872 0.0298096
    0.0284851 0.00271454 0.0298096
    0.0284851 0.00271454 0.0383117
    0.0284851 -0.00343872 0.0383117
    -0.0189996 -0.00422241 0.336865
    -0.0112061 -0.00422241 0.336865
    -0.0112061 -0.00422241 0.395133
    -0.0189996 -0.00422241 0.395133
    -0.0112061 0.00503998 0.336865
    -0.0189993 0.00503998 0.336865
    -0.0189993 0.00503998 0.395133
    -0.0112061 0.00503998 0.395133
  faces 10
    0 1 2  1  0 1 2  5
    2 3 0  1  2 3 0  5
    4 5 6  1  4 5 6  5
    6 7 4  1  6 7 4  5
    8 9 10  1  8 9 10  5
    10 11 8  1  10 11 8  5
    12 13 14  1  12 13 14  5
    14 15 12  1  14 15 12  5
    16 17 18  1  16 17 18  5
    18 19 16  1  18 19 16  5
  tverts 20
    0.832052 0.577366
    0.994082 0.577366
    0.994082 0.697361
    0.833844 0.697361
    0.833844 0.697361
    0.994082 0.697361
    0.994082 0.577366
    0.832052 0.577366
    0.994648 0.578125
    0.833135 0.573737
    0.833362 0.697303
    0.994594 0.694386
    0.834724 0.696236
    0.834724 0.577051
    0.995777 0.577051
    0.990399 0.694041
    0.834724 0.57705
    0.834724 0.696235
    0.990399 0.694041
    0.995777 0.57705
endnode
node trimesh w_Vibro_sword10
  parent w_Vbroswrd_005
  position 0.0 0.0 0.290823
  orientation 1.0 0.0 0.0 0.0
  scale 1.0
  alpha 1.0
  selfillumcolor 0.0 0.0 0.0
  diffuse 1.0 1.0 1.0
  ambient 1.0 1.0 1.0
  transparencyhint 0
  animateuv 0
  uvdirectionx 0.0
  uvdirectiony 0.0
  uvjitter 0.0
  uvjitterspeed 0.0
  lightmapped 0
  rotatetexture 0
  m_bIsBackgroundGeometry 0
  shadow 1
  beaming 0
  render 1
  dirt_enabled 0
  dirt_texture 1
  dirt_worldspace 1
  hologram_donotdraw 0
  tangentspace 0
  bitmap w_Vbroswrd_005
  verts 231
    0.00403503 0.020928 -0.0260929
    0.00727966 0.0231268 -0.0312544
    0.0 0.0271869 -0.0260929
    0.00727966 -0.0238864 -0.0312544
    0.00403503 -0.0284406 -0.0260723
    -0.00727966 0.0231268 -0.0312544
    -0.00727966 -0.0238864 -0.0312544
    -0.00403503 -0.0284406 -0.0260722
    -0.00403503 0.020928 -0.0260929
    0.00890442 -0.0276596 -0.196757
    0.00890442 0.0269003 -0.196757
    0.00727966 0.0231268 -0.0312544
    0.00727966 -0.0238864 -0.0312544
    0.0 0.0271869 -0.0260929
    0.00727966 0.0231268 -0.0312544
    0.00890442 0.0269003 -0.196757
    -0.00890442 0.0269003 -0.196757
    -0.00727966 0.0231268 -0.0312544
    -0.00890442 0.0269003 -0.196757
    -0.00890442 -0.0276596 -0.196757
    -0.00727966 -0.0238864 -0.0312544
    -0.00727966 0.0231268 -0.0312544
    0.00403503 -0.0284406 -0.0260723
    0.00890442 -0.0276596 -0.196757
    0.00727966 -0.0238864 -0.0312544
    -0.00890442 -0.0276596 -0.196757
    -0.00403503 -0.0284406 -0.0260722
    -0.00727966 -0.0238864 -0.0312544
    0.00225311 -0.0791449 -0.209439
    -0.00225281 -0.0791449 -0.209439
    -0.0096817 -0.0222357 -0.209439
    0.0096817 -0.0222357 -0.209439
    0.0096817 0.0212006 -0.209439
    -0.0096817 0.0212006 -0.209439
    -0.00225281 0.0791449 -0.209439
    0.00225311 0.0791449 -0.209439
    -0.00890442 0.0269003 -0.196757
    0.00890442 0.0269003 -0.196757
    0.00404388 0.0789819 -0.196757
    -0.00404114 0.0789819 -0.196757
    0.00890442 -0.0276596 -0.196757
    -0.00890442 -0.0276596 -0.196757
    -0.00404114 -0.0789819 -0.196757
    0.00404388 -0.0789819 -0.196757
    0.00404388 -0.0789819 -0.196757
    -0.00404114 -0.0789819 -0.196757
    6.10352e-07 -0.0885629 -0.189287
    -0.00186768 -0.0868265 -0.198176
    6.10352e-07 -0.0885629 -0.189287
    -0.00404114 -0.0789819 -0.196757
    -0.00225281 -0.0791449 -0.209439
    -0.00890442 -0.0276596 -0.196757
    -0.00225281 -0.0791449 -0.209439
    0.00225311 -0.0791449 -0.209439
    0.00186859 -0.0868265 -0.198176
    -0.00186768 -0.0868265 -0.198176
    6.10352e-07 -0.0885629 -0.189287
    0.00186859 -0.0868265 -0.198176
    0.00404388 -0.0789819 -0.196757
    6.10352e-07 -0.0885629 -0.189287
    0.00225311 -0.0791449 -0.209439
    0.0096817 0.0212006 -0.209439
    0.00890442 -0.0276596 -0.196757
    0.0096817 -0.0222357 -0.209439
    0.00890442 0.0269003 -0.196757
    0.00404388 0.0789819 -0.196757
    0.00225311 0.0791449 -0.209439
    -0.00404114 0.0789819 -0.196757
    0.00404388 0.0789819 -0.196757
    6.10352e-07 0.0885629 -0.189287
    0.00186859 0.0868265 -0.198176
    6.10352e-07 0.0885629 -0.189287
    0.00225311 0.0791449 -0.209439
    -0.00225281 0.0791449 -0.209439
    -0.00186768 0.0868265 -0.198176
    0.00186859 0.0868265 -0.198176
    6.10352e-07 0.0885629 -0.189287
    -0.0108435 0.000117187 -0.488432
    -0.0096817 -0.0222357 -0.209439
    -0.0096817 0.0212006 -0.209439
    -0.00451813 -0.0138748 -0.488432
    -0.00451813 0.0141089 -0.488432
    0.0108435 0.000117187 -0.488432
    0.0096817 0.0212006 -0.209439
    0.0096817 -0.0222357 -0.209439
    0.00451813 0.0141089 -0.488432
    0.00451813 -0.0138748 -0.488432
    0.0096817 -0.0222357 -0.209439
    -0.0096817 -0.0222357 -0.209439
    -0.00451813 -0.0138748 -0.488432
    0.00451813 -0.0138748 -0.488432
    -0.00890442 0.0269003 -0.196757
    -0.0096817 -0.0222357 -0.209439
    -0.00404114 0.0789819 -0.196757
    -0.00186768 0.0868265 -0.198176
    -0.00225281 0.0791449 -0.209439
    6.10352e-07 0.0885629 -0.189287
    -0.0096817 0.0212006 -0.209439
    -0.00576874 -0.0187048 -0.494354
    0.00576874 -0.0187048 -0.494354
    0.00451813 -0.0138748 -0.488432
    -0.00451813 -0.0138748 -0.488432
    -0.00576874 0.0189389 -0.494354
    -0.0138452 0.000117187 -0.494354
    -0.0108435 0.000117187 -0.488432
    -0.00451813 0.0141089 -0.488432
    -0.00576874 -0.0187048 -0.494354
    -0.00451813 -0.0138748 -0.488432
    0.00576874 0.0189389 -0.494354
    -0.00576874 0.0189389 -0.494354
    -0.00451813 0.0141089 -0.488432
    0.00451813 0.0141089 -0.488432
    0.00576874 -0.0187048 -0.494354
    0.0138452 0.000117187 -0.494354
    0.0108435 0.000117187 -0.488432
    0.00451813 -0.0138748 -0.488432
    0.00576874 0.0189389 -0.494354
    0.00451813 0.0141089 -0.488432
    0.00576874 -0.0187048 -0.494354
    -0.00576874 -0.0187048 -0.494354
    0.0 -0.0146234 -0.529738
    -0.00576874 0.0189389 -0.494354
    -0.0131857 0.000117187 -0.529738
    -0.0138452 0.000117187 -0.494354
    0.0 0.0148575 -0.529738
    0.0 -0.0146234 -0.529738
    -0.00576874 -0.0187048 -0.494354
    -0.00576874 0.0189389 -0.494354
    0.00576874 0.0189389 -0.494354
    0.0 0.0148575 -0.529738
    0.00576874 -0.0187048 -0.494354
    0.0131857 0.000117187 -0.529738
    0.0138452 0.000117187 -0.494354
    0.00576874 0.0189389 -0.494354
    0.0 -0.0146234 -0.529738
    -0.0131857 0.000117187 -0.529738
    0.0 0.0148575 -0.529738
    0.0131857 0.000117187 -0.529738
    -0.0096817 0.0212006 -0.209439
    0.0096817 0.0212006 -0.209439
    0.00451813 0.0141089 -0.488432
    -0.00451813 0.0141089 -0.488432
    -0.00199829 0.00577576 0.0660879
    -0.00141693 0.0189044 0.0660879
    -0.00403503 0.0189044 0.0660879
    0.0 0.0277621 0.0660879
    -0.00403503 0.00577911 0.0660879
    0.00403503 0.020928 -0.0260929
    0.0 0.0271869 -0.0260929
    0.0 0.0277621 0.0660879
    0.00403503 0.0189044 0.0660879
    -0.00403503 0.020928 -0.0260929
    -0.00403503 0.0189044 0.0660879
    0.0 0.0271869 -0.0260929
    0.0 0.0277621 0.0660879
    0.00403503 -0.0284406 -0.0260723
    0.00403503 0.00576202 0.0660879
    -0.00403503 0.00577911 0.0660879
    -0.00403503 -0.0284406 -0.0260722
    0.00277863 -0.0179572 0.336309
    0.0027359 -0.00589417 0.336309
    0.00272339 -0.017496 0.3496
    0.00380829 -0.0229388 0.349301
    0.00381744 -0.0231656 0.336309
    -0.00199829 0.00577576 0.0660879
    -0.00403503 0.00577911 0.0660879
    -0.00299103 -0.00589386 0.336309
    0.00155762 0.0057663 0.0660879
    0.0027359 -0.00589417 0.336309
    0.00403503 0.00576202 0.0660879
    -0.00403503 -0.0284406 -0.0260722
    0.00403503 -0.0284406 -0.0260723
    -0.00380829 -0.0231656 0.336309
    0.00381744 -0.0231656 0.336309
    -0.00298096 -0.017496 0.3496
    -0.00302521 -0.0179572 0.336309
    -0.00380829 -0.0231656 0.336309
    -0.00379852 -0.0229388 0.349301
    -0.00298096 -0.00600616 0.33833
    -0.00299103 -0.00589386 0.336309
    0.00403503 0.00576202 0.0660879
    0.00403503 0.0189044 0.0660879
    0.00155762 0.0057663 0.0660879
    0.00136658 0.0189044 0.0660879
    -0.00141693 0.0189044 0.0660879
    -0.00199829 0.00577576 0.0660879
    -0.00154968 0.00297865 0.206174
    -0.00299103 -0.00589386 0.336309
    0.0 0.0277621 0.0660879
    0.0 0.0118364 0.206174
    0.0 0.0118363 0.607646
    0.00153076 0.00297864 0.6501
    0.0014389 0.00297865 0.206174
    -0.00298096 -0.017496 0.3496
    -0.00379852 -0.0229388 0.349301
    0.00272339 -0.017496 0.3496
    0.00380829 -0.0229388 0.349301
    0.00251221 -0.017496 0.60502
    0.00272339 -0.017496 0.3496
    0.00272339 -0.00600616 0.33833
    0.0027359 -0.00589417 0.336309
    0.00251221 -0.017496 0.60502
    -0.00255981 -0.017496 0.60502
    -0.00298096 -0.017496 0.3496
    0.00132233 -0.029075 0.720988
    0.00272339 -0.017496 0.3496
    -0.00136963 -0.029075 0.720989
    -0.00136963 -0.029075 0.720989
    0.00132233 -0.029075 0.720988
    -2.38031e-05 -0.0511835 0.759559
    0.0 0.0282834 0.661273
    0.00153076 0.00785315 0.67533
    0.00153076 0.00297864 0.6501
    0.0 0.00858374 0.697046
    0.0 0.0118363 0.607646
    0.00132233 -0.029075 0.720988
    -2.38031e-05 -0.0511835 0.759559
    -0.00136963 -0.029075 0.720989
    -0.00171753 0.00785315 0.67533
    -0.00171753 0.00297864 0.6501
    0.00251221 -0.017496 0.60502
    -0.00255981 -0.017496 0.60502
    0.00272339 -0.00600616 0.33833
    0.00380829 -0.0229388 0.349301
    -0.00379852 -0.0229388 0.349301
    -0.00171753 0.00297864 0.6501
    -0.00298096 -0.00600616 0.33833
    -0.00298096 -0.017496 0.3496
    -0.00255981 -0.017496 0.60502
    0.00136658 0.0189044 0.0660879
    0.00155762 0.0057663 0.0660879
  faces 162
    0 1 2  1  0 1 2  1
    1 0 3  1  1 0 3  1
    0 4 3  1  0 4 3  1
    5 6 7  1  5 6 7  1
    7 8 5  1  7 8 5  1
    8 2 5  1  8 2 5  1
    9 10 11  1  9 10 11  5
    11 12 9  1  11 12 9  5
    13 14 15  1  13 14 15  4
    13 16 17  1  13 16 17  4
    16 13 15  1  16 13 15  4
    18 19 20  1  18 19 20  6
    20 21 18  1  20 21 18  6
    22 23 24  1  22 23 24  3
    23 22 25  1  23 22 25  3
    26 27 25  1  26 27 25  3
    25 22 26  1  25 22 26  3
    28 29 30  1  28 29 30  2
    30 31 28  1  30 31 28  2
    32 33 34  1  32 33 34  2
    34 35 32  1  34 35 32  2
    36 37 38  1  36 37 38  2
    38 39 36  1  38 39 36  2
    40 41 42  1  40 41 42  2
    42 43 40  1  42 43 40  2
    44 45 46  1  44 45 46  2
    47 48 49  1  47 48 49  2
    49 50 47  1  49 50 47  2
    50 49 51  1  50 49 51  2
    52 53 54  1  52 53 54  2
    55 54 56  1  55 54 56  2
    54 55 52  1  54 55 52  2
    57 58 59  1  57 58 59  2
    57 60 58  1  57 60 58  2
    61 62 63  1  61 62 63  2
    62 61 64  1  62 61 64  2
    62 60 63  1  62 60 63  2
    60 62 58  1  60 62 58  2
    64 61 65  1  64 61 65  2
    65 61 66  1  65 61 66  2
    67 68 69  1  67 68 69  2
    65 70 71  1  65 70 71  2
    70 65 66  1  70 65 66  2
    72 73 74  1  72 73 74  2
    75 74 76  1  75 74 76  2
    74 75 72  1  74 75 72  2
    77 78 79  1  77 78 79  2
    77 80 78  1  77 80 78  2
    77 79 81  1  77 79 81  2
    82 83 84  1  82 83 84  2
    82 85 83  1  82 85 83  2
    82 84 86  1  82 84 86  2
    87 88 89  1  87 88 89  2
    89 90 87  1  89 90 87  2
    91 92 51  1  91 92 51  2
    93 94 95  1  93 94 95  2
    94 93 96  1  94 93 96  2
    91 93 97  1  91 93 97  2
    93 95 97  1  93 95 97  2
    92 91 97  1  92 91 97  2
    51 92 50  1  51 92 50  2
    98 99 100  1  98 99 100  2
    100 101 98  1  100 101 98  2
    102 103 104  1  102 103 104  2
    104 105 102  1  104 105 102  2
    103 106 107  1  103 106 107  2
    107 104 103  1  107 104 103  2
    108 109 110  1  108 109 110  2
    110 111 108  1  110 111 108  2
    112 113 114  1  112 113 114  2
    114 115 112  1  114 115 112  2
    113 116 117  1  113 116 117  2
    117 114 113  1  117 114 113  2
    118 119 120  1  118 119 120  2
    121 122 123  1  121 122 123  2
    122 121 124  1  122 121 124  2
    122 125 126  1  122 125 126  2
    126 123 122  1  126 123 122  2
    127 128 129  1  127 128 129  2
    130 131 132  1  130 131 132  2
    131 130 125  1  131 130 125  2
    131 124 133  1  131 124 133  2
    133 132 131  1  133 132 131  2
    134 135 136  1  134 135 136  2
    137 134 136  1  137 134 136  2
    138 139 140  1  138 139 140  2
    140 141 138  1  140 141 138  2
    142 143 144  1  142 143 144  1
    143 145 144  1  143 145 144  1
    142 144 146  1  142 144 146  1
    147 148 149  1  147 148 149  1
    150 147 149  1  150 147 149  1
    151 152 153  1  151 152 153  1
    152 154 153  1  152 154 153  1
    147 150 155  1  147 150 155  1
    150 156 155  1  150 156 155  1
    151 157 152  1  151 157 152  1
    157 151 158  1  157 151 158  1
    155 156 159  1  155 156 159  1
    160 159 156  1  160 159 156  1
    161 162 163  1  161 162 163  1
    163 159 161  1  163 159 161  1
    164 165 166  1  164 165 166  1
    167 168 169  1  167 168 169  1
    170 171 172  1  170 171 172  1
    173 172 171  1  173 172 171  1
    174 175 176  1  174 175 176  1
    174 176 177  1  174 176 177  1
    174 178 175  1  174 178 175  1
    179 175 178  1  179 175 178  1
    180 181 182  1  180 181 182  1
    181 183 182  1  181 183 182  1
    181 145 183  1  181 145 183  1
    184 185 186  1  184 185 186  1
    187 186 185  1  187 186 185  1
    184 186 188  1  184 186 188  1
    189 188 186  1  189 188 186  1
    190 191 189  1  190 191 189  1
    192 189 191  1  192 189 191  1
    193 194 195  1  193 194 195  1
    195 194 196  1  195 194 196  1
    197 198 199  1  197 198 199  1
    199 200 192  1  199 200 192  1
    192 191 197  1  192 191 197  1
    199 192 197  1  199 192 197  1
    201 202 203  1  201 202 203  1
    202 201 204  1  202 201 204  1
    203 205 201  1  203 205 201  1
    204 206 202  1  204 206 202  1
    207 208 209  1  207 208 209  1
    210 211 212  1  210 211 212  1
    211 210 213  1  211 210 213  1
    212 214 210  1  212 214 210  1
    213 215 211  1  213 215 211  1
    215 213 216  1  215 213 216  1
    217 216 213  1  217 216 213  1
    213 218 217  1  213 218 217  1
    214 219 210  1  214 219 210  1
    210 219 218  1  210 219 218  1
    218 213 210  1  218 213 210  1
    220 212 211  1  220 212 211  1
    220 211 215  1  220 211 215  1
    219 221 217  1  219 221 217  1
    219 217 218  1  219 217 218  1
    160 222 159  1  160 222 159  1
    161 159 222  1  161 159 222  1
    159 163 155  1  159 163 155  1
    173 223 172  1  173 223 172  1
    224 172 223  1  224 172 223  1
    176 175 158  1  176 175 158  1
    179 157 175  1  179 157 175  1
    158 175 157  1  158 175 157  1
    225 186 187  1  225 186 187  1
    226 227 228  1  226 227 228  1
    228 225 187  1  228 225 187  1
    187 226 228  1  187 226 228  1
    186 225 189  1  186 225 189  1
    190 189 225  1  190 189 225  1
    192 229 189  1  192 229 189  1
    188 189 229  1  188 189 229  1
    200 230 192  1  200 230 192  1
    229 192 230  1  229 192 230  1
  tverts 231
    0.435333 0.372474
    0.427609 0.358359
    0.413347 0.372474
    0.592751 0.358359
    0.608749 0.37253
    0.427609 0.358359
    0.592751 0.358359
    0.608749 0.372531
    0.435333 0.372474
    0.606006 0.0536963
    0.414355 0.0536963
    0.427609 0.358359
    0.592751 0.358359
    0.233436 0.0760915
    0.211534 0.0893273
    0.206646 0.371256
    0.260226 0.371256
    0.255338 0.0893273
    0.414355 0.0536963
    0.606006 0.0536963
    0.592751 0.358359
    0.427609 0.358359
    0.452621 0.784148
    0.427836 0.402621
    0.436106 0.76719
    0.518481 0.402621
    0.493696 0.784149
    0.510211 0.76719
    0.885913 0.351964
    0.903351 0.351964
    0.932102 0.137637
    0.857164 0.137637
    0.857164 0.137637
    0.932102 0.137637
    0.903351 0.351964
    0.885913 0.351964
    0.311998 0.0639068
    0.257969 0.0639068
    0.272714 0.241481
    0.297244 0.241481
    0.257969 0.0639068
    0.311998 0.0639068
    0.297244 0.241481
    0.272714 0.241481
    0.272714 0.241481
    0.297244 0.241481
    0.28472 0.275901
    0.813839 0.0498159
    0.819939 0.0741234
    0.786285 0.0536963
    0.786857 0.019016
    0.606006 0.0536963
    0.903351 0.351964
    0.885913 0.351964
    0.887402 0.390831
    0.901861 0.390831
    0.894631 0.439069
    0.813839 0.0498157
    0.786285 0.0536963
    0.819939 0.0741234
    0.786857 0.019016
    0.434375 0.0190159
    0.606006 0.0536963
    0.586953 0.0190159
    0.414355 0.0536963
    0.231409 0.0536963
    0.230836 0.019016
    0.297244 0.241481
    0.272714 0.241481
    0.28472 0.275901
    0.203853 0.0498157
    0.197753 0.0741234
    0.885913 0.351964
    0.903351 0.351964
    0.901861 0.390831
    0.887402 0.390831
    0.894631 0.439069
    0.375641 0.931282
    0.821948 0.868578
    0.821948 0.990426
    0.375641 0.892032
    0.375641 0.970532
    0.375641 0.931282
    0.821947 0.990426
    0.821947 0.868578
    0.375641 0.970532
    0.375641 0.892032
    0.604699 0.623725
    0.676187 0.623725
    0.657123 0.16434
    0.623763 0.16434
    0.414355 0.0536963
    0.586953 0.019016
    0.231409 0.0536963
    0.203853 0.0498159
    0.230836 0.019016
    0.197753 0.0741234
    0.434375 0.019016
    0.662763 0.146556
    0.620168 0.146556
    0.623763 0.16434
    0.657123 0.16434
    0.334549 0.984081
    0.334549 0.931282
    0.375641 0.931282
    0.375641 0.970532
    0.334549 0.878483
    0.375641 0.892032
    0.620168 0.146556
    0.662763 0.146556
    0.657123 0.16434
    0.623763 0.16434
    0.334549 0.878483
    0.334549 0.931282
    0.375641 0.931282
    0.375641 0.892032
    0.334549 0.984081
    0.375641 0.970532
    0.620168 0.146556
    0.662763 0.146556
    0.637375 0.050363
    0.334549 0.984081
    0.237929 0.931282
    0.334549 0.931282
    0.237929 0.972632
    0.237929 0.889932
    0.334549 0.878483
    0.662763 0.146556
    0.620168 0.146556
    0.640443 0.052866
    0.334549 0.878483
    0.237929 0.931282
    0.334549 0.931282
    0.334549 0.984081
    0.929426 0.318035
    0.976397 0.379097
    0.929426 0.44016
    0.976397 0.379097
    0.676186 0.623725
    0.604699 0.623725
    0.623763 0.16434
    0.657123 0.16434
    0.947588 0.18022
    0.957293 0.124716
    0.837776 0.18022
    0.971065 0.0221733
    0.837776 0.18022
    0.659943 0.834328
    0.638079 0.834328
    0.63607 0.616895
    0.667012 0.616895
    0.659943 0.834328
    0.667012 0.616895
    0.638079 0.834328
    0.63607 0.616895
    0.832391 0.83428
    0.712919 0.616895
    0.712859 0.616895
    0.832391 0.83428
    0.795772 0.121449
    0.753635 0.121449
    0.794162 0.090099
    0.813173 0.0908046
    0.813965 0.121449
    0.947588 0.18022
    0.837776 0.18022
    0.895359 0.537952
    0.947588 0.18022
    0.895359 0.537952
    0.837776 0.18022
    0.402597 0.0689128
    0.360102 0.0689124
    0.401404 0.835039
    0.361247 0.835039
    0.794161 0.0900987
    0.795771 0.121449
    0.813965 0.121449
    0.813173 0.0908045
    0.754026 0.116684
    0.753634 0.121449
    0.837776 0.18022
    0.837776 0.18022
    0.947588 0.18022
    0.957293 0.124716
    0.138351 0.801153
    0.0956311 0.801153
    0.131432 0.0245431
    0.0507395 0.0245431
    0.167174 0.801153
    0.160255 0.0245431
    0.15124 0.914693
    0.124405 0.907407
    0.131432 0.0245431
    0.397047 0.868733
    0.401352 0.867974
    0.367008 0.868733
    0.361296 0.867974
    0.0245615 0.906955
    0.0129867 0.0726549
    0.0503742 0.0318557
    0.050739 0.0245431
    0.840094 0.669575
    0.843332 0.669575
    0.845895 0.653144
    0.845328 0.658624
    0.83881 0.653144
    0.843949 0.658624
    0.066369 0.306025
    0.0499856 0.306026
    0.0581773 0.185288
    0.333097 0.580842
    0.284297 0.615396
    0.320096 0.455254
    0.301659 0.681426
    0.347451 0.49087
    0.214934 0.778664
    0.181349 0.910811
    0.214934 0.778665
    0.284297 0.615396
    0.320096 0.455254
    0.202415 0.459551
    0.202415 0.459551
    0.754026 0.116684
    0.361296 0.867974
    0.401352 0.867974
    0.124405 0.907407
    0.0503742 0.0318557
    0.012987 0.0726554
    0.0245615 0.906955
    0.138351 0.801153
    0.0956005 0.801153
endnode
node trimesh electro
  parent w_Vbroswrd_005
  position 0.000759034 0.00102253 0.0282834
  orientation 0.270955 -0.678868 -0.682438 -3.67298
  scale 1.0
  alpha 1.0
  selfillumcolor 0.0 0.0 0.0
  diffuse 1.0 1.0 1.0
  ambient 1.0 1.0 1.0
  transparencyhint 0
  animateuv 0
  uvdirectionx 0.0
  uvdirectiony 0.0
  uvjitter 0.0
  uvjitterspeed 0.0
  lightmapped 0
  rotatetexture 0
  m_bIsBackgroundGeometry 0
  shadow 1
  beaming 0
  render 1
  dirt_enabled 0
  dirt_texture 0
  dirt_worldspace 0
  hologram_donotdraw 0
  tangentspace 0
  inv_count 0
  bitmap dm_cyb_glow_r1
  verts 18
    0.00182815 0.928398 0.00858327
    -0.0175454 0.923656 0.0240418
    -0.016828 0.734291 0.0211055
    0.00100517 0.734299 0.00873754
    -0.00547581 0.734291 0.0041881
    -0.0062122 0.928373 0.00835969
    -0.00359352 0.720186 0.00301931
    -0.0168344 0.720211 0.0210995
    0.000635098 0.525048 0.00872377
    0.00101522 0.538099 0.00806398
    -0.017198 0.538116 0.0210918
    -0.017198 0.525041 0.0210918
    -0.0189063 0.32893 0.0231238
    0.00168421 0.333058 0.00883447
    -0.00434179 0.538094 0.00264666
    -0.00623057 0.525043 0.00380933
    0.00137887 0.720193 0.00807163
    -0.00810276 0.333051 0.00360148
  faces 20
    0 1 2  4  0 1 2  1
    2 3 0  4  2 3 0  1
    4 2 1  4  4 2 1  1
    1 5 4  4  1 5 4  1
    6 7 2  4  6 7 2  1
    2 4 6  4  2 4 6  1
    8 9 10  4  8 9 10  1
    10 11 8  4  10 11 8  1
    11 12 13  4  11 12 13  1
    13 8 11  4  13 8 11  1
    10 14 15  4  10 14 15  1
    15 11 10  4  15 11 10  1
    3 2 7  4  3 2 7  1
    7 16 3  4  7 16 3  1
    16 7 10  4  16 7 10  1
    10 9 16  4  10 9 16  1
    7 6 14  4  7 6 14  1
    14 10 7  4  14 10 7  1
    11 15 17  4  11 15 17  1
    17 12 11  4  17 12 11  1
  tverts 18
    0.584466 0.912233
    0.442224 0.947321
    0.481933 0.390002
    0.584466 0.390002
    0.584466 0.390002
    0.584466 0.912233
    0.659202 0.376787
    0.481871 0.376787
    0.584466 0.272631
    0.659202 0.284731
    0.481439 0.284731
    0.481382 0.272631
    0.480373 0.0391382
    0.584466 0.05781
    0.659202 0.284731
    0.584466 0.272631
    0.659202 0.376787
    0.584466 0.05781
endnode
node trimesh electro_glow
  parent w_Vbroswrd_005
  position -0.000647433 0.000796042 0.0282834
  orientation 0.27371 -0.679504 -0.680703 -3.66705
  scale 1.0
  alpha 1.0
  selfillumcolor 0.0 0.529412 1.0
  diffuse 1.0 1.0 1.0
  ambient 1.0 1.0 1.0
  transparencyhint 0
  animateuv 0
  uvdirectionx 0.0
  uvdirectiony 0.0
  uvjitter 0.0
  uvjitterspeed 0.0
  lightmapped 0
  rotatetexture 0
  m_bIsBackgroundGeometry 0
  shadow 0
  beaming 0
  render 1
  dirt_enabled 0
  dirt_texture 0
  dirt_worldspace 0
  hologram_donotdraw 0
  tangentspace 0
  inv_count 0
  bitmap dm_cyb_glow_r2
  verts 7
    -0.0311029 0.931152 0.0246563
    -0.00898835 0.931175 0.00154026
    -0.0087649 0.318856 0.00365801
    -0.042251 0.920084 0.0369871
    -0.0371058 0.355712 0.033762
    -0.0284082 0.320502 0.0245011
    -0.0366029 0.355712 0.033762
  faces 8
    1 0 2  4  1 0 2  1
    0 3 2  4  0 3 2  1
    3 4 2  4  3 4 2  1
    2 4 5  4  2 4 5  1
    2 0 1  4  2 0 1  1
    2 3 0  4  2 3 0  1
    2 6 3  4  2 6 3  1
    5 6 2  4  5 6 2  1
  tverts 7
    0.534916 0.948983
    0.375712 0.949649
    0.375712 0.0496483
    0.652423 0.880939
    0.656213 0.0998623
    0.546287 0.0496483
    0.656213 0.0998623
endnode
endmodelgeom w_Vbroswrd_005
donemodel w_Vbroswrd_005
