# Exported from KOTORmax 0.4.1 at 12/16/2018 6:09:38 PM
# MODEL ASCII
#local file: C:\Users\ablanche\Documents\Modding\Kotor\STAR WARS Knights of the Old Republic\Works\w_vbroshort_003\moded_model.max
filedependancy moded_model.max
newmodel w_Vbroshort_003
setsupermodel w_Vbroshort_003 NULL
classification placeable
classification_unk1 0
ignorefog 0
setanimationscale 1.0
compress_quaternions 0
headlink 0


# GEOM ASCII
beginmodelgeom w_Vbroshort_003
  bmin -5.0 -5.0 -1.0
  bmax 5.0 5.0 10.0
  radius 7.0
node dummy w_Vbroshort_003
  parent NULL
endnode
node trimesh VSS_SlP02
  parent w_Vbroshort_003
  position -0.000510254 0.000286865 -0.0260699
  orientation 0.0 0.0 -1.0 -1.5708
  scale 1.0
  alpha 1.0
  selfillumcolor 1.0 1.0 1.0
  diffuse 1.0 1.0 1.0
  ambient 1.0 1.0 1.0
  transparencyhint 0
  animateuv 0
  uvdirectionx 0.0
  uvdirectiony 0.0
  uvjitter 0.0
  uvjitterspeed 0.0
  lightmapped 0
  rotatetexture 0
  m_bIsBackgroundGeometry 0
  shadow 0
  beaming 0
  render 1
  dirt_enabled 0
  dirt_texture 1
  dirt_worldspace 1
  hologram_donotdraw 0
  tangentspace 0
  bitmap w_Vbroshort_003
  verts 20
    -0.00852356 -0.00980804 0.145281
    -0.00852356 -0.00980804 0.132935
    0.00516052 -0.00980804 0.141191
    0.00516052 -0.00980804 0.128845
    0.00198151 -0.0102063 0.0198642
    0.00198151 -0.0102063 0.00858736
    0.0217462 -0.0102063 0.0198642
    0.0217462 -0.0102063 0.00858736
    0.0248618 -0.00427856 0.01072
    0.0248618 -0.00427856 0.00380169
    0.0248618 0.00381012 0.01072
    0.0248618 0.00381012 0.00380169
    -0.0264551 -0.00133636 0.043861
    -0.0264551 -0.00133636 0.0533399
    -0.0264551 0.00131561 0.043861
    -0.0264551 0.00131561 0.0533399
    0.00516052 0.00975952 0.14135
    0.00516052 0.00975952 0.129003
    -0.00852356 0.00975952 0.144854
    -0.00852356 0.00975952 0.132507
  faces 10
    0 1 2  1  0 1 2  1
    3 2 1  1  3 2 1  1
    4 5 6  1  4 5 6  1
    7 6 5  1  7 6 5  1
    8 9 10  1  8 9 10  1
    11 10 9  1  11 10 9  1
    12 13 14  1  12 13 14  1
    15 14 13  1  15 14 13  1
    16 17 18  1  16 17 18  1
    19 18 17  1  19 18 17  1
  tverts 20
    0.489352 0.875015
    0.489352 0.755711
    0.667636 0.873191
    0.667636 0.753888
    0.487788 0.872076
    0.487788 0.754394
    0.665694 0.872076
    0.665694 0.754394
    0.66597 0.874053
    0.66597 0.755507
    0.48835 0.874053
    0.48835 0.755507
    0.66164 0.754377
    0.667561 0.872032
    0.48402 0.756792
    0.485994 0.874448
    0.667636 0.873823
    0.667636 0.754519
    0.489352 0.873308
    0.489352 0.754004
endnode
node trimesh Vibro_ShrtSwd02
  parent w_Vbroshort_003
  position 0.0 0.0 0.00890352
  orientation 1.0 0.0 0.0 0.0
  scale 1.0
  alpha 1.0
  selfillumcolor 0.0 0.0 0.0
  diffuse 1.0 1.0 1.0
  ambient 1.0 1.0 1.0
  transparencyhint 0
  animateuv 0
  uvdirectionx 0.0
  uvdirectiony 0.0
  uvjitter 0.0
  uvjitterspeed 0.0
  lightmapped 0
  rotatetexture 0
  m_bIsBackgroundGeometry 0
  shadow 1
  beaming 0
  render 1
  dirt_enabled 0
  dirt_texture 1
  dirt_worldspace 1
  hologram_donotdraw 0
  tangentspace 0
  bitmap w_Vbroshort_003
  verts 265
    0.00861511 0.0081076 0.228952
    0.00607208 -0.0147794 0.0845699
    0.00607208 0.0102383 0.0845699
    0.00863037 -0.0103955 0.233631
    -0.00468658 0.0218921 0.226659
    -0.00709259 0.0102383 0.0845699
    -0.00468658 0.0104919 0.231872
    0.00217285 -0.017424 0.248168
    -0.00548035 -0.0205341 0.245784
    0.00445984 -0.0205341 0.245784
    -0.00319305 -0.017424 0.248168
    0.00547882 -0.0211078 0.167238
    0.00445984 -0.0205341 0.245784
    -0.00614655 -0.0211078 0.167238
    -0.00548035 -0.0205341 0.245784
    0.00172424 -0.0710684 0.0719971
    -0.00274445 -0.0710684 0.0719971
    -0.00948395 -0.022623 0.0719971
    0.00846344 -0.022623 0.0719971
    0.00846344 0.0242346 0.0719971
    -0.00948395 0.0239691 0.0719971
    -0.00274445 0.0716422 0.0719971
    0.00172424 0.0716422 0.0719971
    -0.00599335 0.0240216 0.0845699
    0.00497711 0.0240216 0.0845699
    0.00209442 0.0714954 0.0845699
    -0.00311218 0.0714954 0.0845699
    0.00468201 -0.0226709 0.0845699
    -0.00570251 -0.0226709 0.0845699
    -0.00311218 -0.0709216 0.0845699
    0.00209442 -0.0709216 0.0845699
    -0.000509644 -0.0875442 0.091978
    -0.00236237 -0.0849695 0.0831627
    -0.000509644 -0.0875442 0.091978
    -0.00311218 -0.0709216 0.0845699
    -0.00274445 -0.0710684 0.0719971
    -0.00570251 -0.0226709 0.0845699
    -0.00236237 -0.0849695 0.0831627
    0.00134277 -0.0849695 0.0831626
    -0.000509644 -0.0875442 0.091978
    -0.00274445 -0.0710684 0.0719971
    0.00172424 -0.0710684 0.0719971
    -0.000509644 0.088118 0.091978
    0.00209442 0.0714954 0.0845699
    0.00134277 0.0855432 0.0831626
    -0.000509644 0.088118 0.091978
    0.00172424 0.0716422 0.0719971
    0.00134277 0.0855432 0.0831626
    -0.00236237 0.0855432 0.0831627
    -0.000509644 0.088118 0.091978
    0.00172424 0.0716422 0.0719971
    -0.00274445 0.0716422 0.0719971
    -0.00948395 -0.022623 0.0719971
    -0.00599335 0.0240216 0.0845699
    -0.00311218 0.0714954 0.0845699
    -0.00948395 0.0239691 0.0719971
    -0.00236237 0.0855432 0.0831627
    -0.00274445 0.0716422 0.0719971
    -0.000509644 0.088118 0.091978
    -0.00709259 0.0102383 0.0845699
    -0.00709259 -0.0147794 0.0845699
    -0.0093512 0.0239691 0.0458334
    -0.00926605 -0.022623 0.0458329
    -0.00948395 0.0239691 0.0719971
    -0.00948395 -0.022623 0.0719971
    0.00825012 -0.022623 0.0458329
    0.00823364 0.0239691 0.0458334
    0.00846344 -0.022623 0.0719971
    0.00846344 0.0242346 0.0719971
    0.0075177 -0.0202792 0.044201
    -0.00853729 -0.020271 0.044201
    -0.00499115 -0.0134732 -0.135735
    0.00397064 -0.0134732 -0.135735
    -0.00623138 -0.0182632 -0.144007
    0.00521088 -0.0182632 -0.144007
    0.00397064 -0.0134732 -0.135735
    -0.00499115 -0.0134732 -0.135735
    -0.00623138 0.0190692 -0.144007
    -0.014241 0.000402832 -0.144007
    -0.0112643 0.000402832 -0.135735
    -0.00499115 0.0142792 -0.135735
    -0.00623138 -0.0182632 -0.144007
    -0.00499115 -0.0134732 -0.135735
    0.00521088 0.0190692 -0.144007
    -0.00623138 0.0190692 -0.144007
    -0.00499115 0.0142792 -0.135735
    0.00397064 0.0142792 -0.135735
    0.00521088 -0.0182632 -0.144007
    0.0132205 0.000402832 -0.144007
    0.0102438 0.000402832 -0.135735
    0.00397064 -0.0134732 -0.135735
    0.00521088 0.0190692 -0.144007
    0.00397064 0.0142792 -0.135735
    0.00521088 -0.0182632 -0.144007
    -0.00623138 -0.0182632 -0.144007
    -0.000510254 -0.0142157 -0.1767
    -0.00623138 0.0190692 -0.144007
    -0.0108887 0.000402832 -0.1767
    -0.014241 0.000402832 -0.144007
    -0.000510254 0.0150214 -0.1767
    -0.000510254 -0.0142157 -0.1767
    -0.00623138 -0.0182632 -0.144007
    -0.00623138 0.0190692 -0.144007
    0.00521088 0.0190692 -0.144007
    -0.000510254 0.0150214 -0.1767
    0.00521088 -0.0182632 -0.144007
    0.00986816 0.000402832 -0.1767
    0.0132205 0.000402832 -0.144007
    0.00521088 0.0190692 -0.144007
    -0.000510254 -0.0142157 -0.1767
    -0.0108887 0.000402832 -0.1767
    -0.000510254 0.0150214 -0.1767
    0.00986816 0.000402832 -0.1767
    0.0102438 0.000402832 -0.135735
    0.0075177 -0.0202792 0.044201
    0.00397064 -0.0134732 -0.135735
    0.00397064 0.0142792 -0.135735
    0.00750183 0.0200284 0.0442006
    -0.00861877 0.0201666 0.0442006
    0.00750183 0.0200284 0.0442006
    0.00397064 0.0142792 -0.135735
    -0.00499115 0.0142792 -0.135735
    -0.0112643 0.000402832 -0.135735
    -0.00499115 -0.0134732 -0.135735
    -0.00853729 -0.020271 0.044201
    -0.00861877 0.0201666 0.0442006
    -0.00499115 0.0142792 -0.135735
    0.00846344 0.0242346 0.0719971
    0.00607208 0.0102383 0.0845699
    0.00846344 -0.022623 0.0719971
    0.00497711 0.0240216 0.0845699
    0.00468201 -0.0226709 0.0845699
    0.00172424 -0.0710684 0.0719971
    0.00134277 -0.0849695 0.0831626
    0.00209442 -0.0709216 0.0845699
    -0.000509644 -0.0875442 0.091978
    0.00607208 -0.0147794 0.0845699
    0.00366608 0.0218921 0.226659
    -0.000510254 0.0162122 0.235474
    0.00366608 0.0104919 0.231872
    0.00107727 -0.0127582 0.238022
    -0.00468658 0.0104919 0.231872
    -0.00468658 0.0218921 0.226659
    -0.00209778 -0.0127582 0.238022
    -0.00331177 -0.0255667 0.164271
    -0.00333008 -0.0257098 0.0874353
    0.00231293 -0.0255667 0.164271
    0.00227814 -0.0257098 0.0874353
    -0.000510254 0.0162122 0.235474
    0.00366608 0.0218921 0.226659
    -0.00468658 0.0218921 0.226659
    0.00163605 -0.017424 0.785764
    -0.00265656 -0.017424 0.785765
    0.0019397 -0.017424 0.592229
    -0.00296021 -0.017424 0.592229
    -0.00319305 -0.017424 0.248168
    -0.0030661 -0.017424 0.44706
    -0.00209778 -0.0127582 0.238022
    -0.000510255 0.001507 0.334437
    -0.000510254 0.0162122 0.235474
    0.00107727 -0.0127582 0.238022
    -0.000510254 0.0162122 0.235474
    0.00217285 -0.017424 0.248168
    -0.000510255 0.001507 0.334437
    0.00204559 -0.017424 0.44706
    -0.000510254 -0.0247653 0.875067
    -0.000510253 0.0164745 0.837794
    -0.00265656 -0.017424 0.785765
    -0.000510255 0.001507 0.740514
    0.00163605 -0.017424 0.785764
    -0.000510255 0.001507 0.740514
    -0.000510253 0.0164745 0.837794
    -0.000510254 -0.0247653 0.875067
    -0.000510254 -0.0247653 0.875067
    -0.00614655 -0.0211078 0.167238
    -0.00333008 -0.0257098 0.0874353
    -0.00331177 -0.0255667 0.164271
    -0.00209778 -0.0127582 0.238022
    -0.00548035 -0.0205341 0.245784
    0.00607208 0.0102383 0.0845699
    0.00497711 0.0240216 0.0845699
    0.00366608 0.0218921 0.226659
    0.00366608 0.0104919 0.231872
    -0.00963562 0.00810608 0.228952
    -0.00709259 0.0102383 0.0845699
    -0.00964966 -0.0103955 0.233613
    -0.00709259 -0.0147794 0.0845699
    -0.00319305 -0.017424 0.248168
    0.00445984 -0.0205341 0.245784
    0.00107727 -0.0127582 0.238022
    0.00217285 -0.017424 0.248168
    0.00607208 0.0102383 0.0845699
    0.00366608 0.0104919 0.231872
    0.00861511 0.0081076 0.228952
    -0.00709259 0.0102383 0.0845699
    -0.00963562 0.00810608 0.228952
    -0.00468658 0.0104919 0.231872
    -0.00709259 -0.0147794 0.0845699
    -0.00209778 -0.0127582 0.238022
    -0.00964966 -0.0103955 0.233613
    -0.00209778 -0.0127582 0.238022
    -0.00468658 0.0104919 0.231872
    -0.00963562 0.00810608 0.228952
    -0.00964966 -0.0103955 0.233613
    0.00607208 -0.0147794 0.0845699
    0.00863037 -0.0103955 0.233631
    0.00107727 -0.0127582 0.238022
    0.00366608 0.0104919 0.231872
    0.00107727 -0.0127582 0.238022
    0.00863037 -0.0103955 0.233631
    0.00861511 0.0081076 0.228952
    0.00823364 0.0239691 0.0458334
    -0.0093512 0.0239691 0.0458334
    -0.00948395 0.0239691 0.0719971
    0.00846344 0.0242346 0.0719971
    0.00846344 -0.022623 0.0719971
    -0.00948395 -0.022623 0.0719971
    -0.00926605 -0.022623 0.0458329
    0.00825012 -0.022623 0.0458329
    -0.0093512 0.0239691 0.0458334
    -0.00861877 0.0201666 0.0442006
    -0.00926605 -0.022623 0.0458329
    -0.00853729 -0.020271 0.044201
    0.00825012 -0.022623 0.0458329
    0.0075177 -0.0202792 0.044201
    0.00823364 0.0239691 0.0458334
    0.00750183 0.0200284 0.0442006
    -0.00926605 -0.022623 0.0458329
    -0.00853729 -0.020271 0.044201
    0.00825012 -0.022623 0.0458329
    0.0075177 -0.0202792 0.044201
    -0.00861877 0.0201666 0.0442006
    -0.0093512 0.0239691 0.0458334
    0.00750183 0.0200284 0.0442006
    0.00823364 0.0239691 0.0458334
    0.00497711 0.0240216 0.0845699
    -0.00599335 0.0240216 0.0845699
    0.00366608 0.0218921 0.226659
    -0.00468658 0.0218921 0.226659
    -0.00599335 0.0240216 0.0845699
    -0.00614655 -0.0211078 0.167238
    -0.00331177 -0.0255667 0.164271
    0.00547882 -0.0211078 0.167238
    0.00231293 -0.0255667 0.164271
    0.00468201 -0.0226709 0.0845699
    0.00227814 -0.0257098 0.0874353
    -0.00570251 -0.0226709 0.0845699
    -0.00333008 -0.0257098 0.0874353
    0.00607208 -0.0147794 0.0845699
    0.00547882 -0.0211078 0.167238
    0.00468201 -0.0226709 0.0845699
    0.00227814 -0.0257098 0.0874353
    0.00231293 -0.0255667 0.164271
    -0.0030661 -0.017424 0.44706
    0.00204559 -0.017424 0.44706
    -0.00296021 -0.017424 0.592229
    -0.00265656 -0.017424 0.785765
    -0.000510255 0.001507 0.740514
    -0.000510255 0.001507 0.592229
    -0.000510255 0.001507 0.592229
    -0.000510255 0.001507 0.740514
    0.0019397 -0.017424 0.592229
    0.00163605 -0.017424 0.785764
    -0.00319305 -0.017424 0.248168
    0.00217285 -0.017424 0.248168
  faces 160
    0 1 2  1  0 1 2  5
    3 1 0  1  3 1 0  5
    4 5 6  1  4 5 6  6
    7 8 9  1  7 8 9  3
    8 7 10  1  8 7 10  3
    11 12 13  1  11 12 13  3
    14 13 12  1  14 13 12  3
    15 16 17  1  15 16 17  2
    17 18 15  1  17 18 15  2
    19 20 21  1  19 20 21  2
    21 22 19  1  21 22 19  2
    23 24 25  1  23 24 25  2
    25 26 23  1  25 26 23  2
    27 28 29  1  27 28 29  2
    29 30 27  1  29 30 27  2
    30 29 31  1  30 29 31  2
    32 33 34  1  32 33 34  2
    34 35 32  1  34 35 32  2
    35 34 36  1  35 34 36  2
    37 38 39  1  37 38 39  2
    40 41 38  1  40 41 38  2
    38 37 40  1  38 37 40  2
    26 25 42  1  26 25 42  2
    43 44 45  1  43 44 45  2
    44 43 46  1  44 43 46  2
    47 48 49  1  47 48 49  2
    50 51 48  1  50 51 48  2
    48 47 50  1  48 47 50  2
    36 52 35  1  36 52 35  2
    53 54 55  1  53 54 55  2
    54 56 57  1  54 56 57  2
    56 54 58  1  56 54 58  2
    54 57 55  1  54 57 55  2
    53 55 59  1  53 55 59  2
    52 59 55  1  52 59 55  2
    59 52 60  1  59 52 60  2
    60 52 36  1  60 52 36  2
    61 62 63  1  61 62 63  2
    63 62 64  1  63 62 64  2
    65 66 67  1  65 66 67  2
    67 66 68  1  67 66 68  2
    69 70 71  1  69 70 71  2
    71 72 69  1  71 72 69  2
    73 74 75  1  73 74 75  2
    75 76 73  1  75 76 73  2
    77 78 79  1  77 78 79  2
    79 80 77  1  79 80 77  2
    78 81 82  1  78 81 82  2
    82 79 78  1  82 79 78  2
    83 84 85  1  83 84 85  2
    85 86 83  1  85 86 83  2
    87 88 89  1  87 88 89  2
    89 90 87  1  89 90 87  2
    88 91 92  1  88 91 92  2
    92 89 88  1  92 89 88  2
    93 94 95  1  93 94 95  2
    96 97 98  1  96 97 98  2
    97 96 99  1  97 96 99  2
    97 100 101  1  97 100 101  2
    101 98 97  1  101 98 97  2
    102 103 104  1  102 103 104  2
    105 106 107  1  105 106 107  2
    106 105 100  1  106 105 100  2
    106 99 108  1  106 99 108  2
    108 107 106  1  108 107 106  2
    109 110 111  1  109 110 111  2
    112 109 111  1  112 109 111  2
    113 114 115  1  113 114 115  2
    113 116 117  1  113 116 117  2
    113 117 114  1  113 117 114  2
    118 119 120  1  118 119 120  2
    120 121 118  1  120 121 118  2
    122 123 124  1  122 123 124  2
    122 125 126  1  122 125 126  2
    122 124 125  1  122 124 125  2
    127 128 129  1  127 128 129  2
    130 127 43  1  130 127 43  2
    128 127 130  1  128 127 130  2
    43 127 46  1  43 127 46  2
    131 132 129  1  131 132 129  2
    133 134 135  1  133 134 135  2
    133 132 134  1  133 132 134  2
    132 131 134  1  132 131 134  2
    131 129 136  1  131 129 136  2
    136 129 128  1  136 129 128  2
    137 138 139  1  137 138 139  1
    139 138 140  1  139 138 140  1
    141 138 142  1  141 138 142  1
    138 141 143  1  138 141 143  1
    144 145 146  1  144 145 146  3
    147 146 145  1  147 146 145  3
    148 149 150  1  148 149 150  1
    151 152 153  1  151 152 153  3
    154 153 152  1  154 153 152  3
    155 156 157  1  155 156 157  1
    156 158 157  1  156 158 157  1
    159 157 158  1  159 157 158  1
    160 161 162  1  160 161 162  1
    161 163 162  1  161 163 162  1
    164 162 163  1  164 162 163  1
    165 166 167  1  165 166 167  1
    168 167 166  1  168 167 166  1
    169 170 171  1  169 170 171  1
    171 172 169  1  171 172 169  1
    152 151 173  1  152 151 173  3
    174 175 176  1  174 175 176  6
    174 36 175  1  174 36 175  6
    177 60 178  1  177 60 178  6
    60 174 178  1  60 174 178  6
    174 60 36  1  174 60 36  6
    179 180 181  1  179 180 181  5
    182 179 181  1  182 179 181  5
    183 184 185  1  183 184 185  6
    185 184 186  1  185 184 186  6
    177 178 187  1  177 178 187  1
    188 189 190  1  188 189 190  1
    191 192 193  1  191 192 193  5
    194 195 196  1  194 195 196  6
    197 198 199  1  197 198 199  6
    200 201 202  1  200 201 202  6
    202 203 200  1  202 203 200  6
    204 205 206  1  204 205 206  5
    207 208 209  1  207 208 209  5
    209 210 207  1  209 210 207  5
    211 212 213  1  211 212 213  2
    213 214 211  1  213 214 211  2
    215 216 217  1  215 216 217  2
    217 218 215  1  217 218 215  2
    219 220 221  1  219 220 221  2
    222 221 220  1  222 221 220  2
    223 224 225  1  223 224 225  2
    226 225 224  1  226 225 224  2
    227 228 229  1  227 228 229  2
    230 229 228  1  230 229 228  2
    231 232 233  1  231 232 233  2
    234 233 232  1  234 233 232  2
    235 236 237  1  235 236 237  6
    236 238 237  1  236 238 237  6
    239 5 4  1  239 5 4  4
    240 241 242  1  240 241 242  3
    243 242 241  1  243 242 241  3
    244 245 246  1  244 245 246  3
    247 246 245  1  247 246 245  3
    248 188 249  1  248 188 249  5
    188 248 189  1  188 248 189  5
    250 249 251  1  250 249 251  5
    250 248 249  1  250 248 249  5
    251 249 252  1  251 249 252  5
    154 253 153  1  154 253 153  3
    254 153 253  1  254 153 253  3
    255 256 257  1  255 256 257  1
    257 258 255  1  257 258 255  1
    259 260 261  1  259 260 261  1
    262 261 260  1  262 261 260  1
    156 255 158  1  156 255 158  1
    258 158 255  1  258 158 255  1
    163 259 164  1  163 259 164  1
    261 164 259  1  261 164 259  1
    253 263 254  1  253 263 254  3
    264 254 263  1  264 254 263  3
  tverts 265
    0.448527 0.586023
    0.52995 0.181098
    0.440947 0.181098
    0.514354 0.603785
    0.399487 0.577319
    0.440947 0.181098
    0.440045 0.597109
    0.706611 0.937838
    0.739353 0.929312
    0.696826 0.929312
    0.729569 0.937839
    0.692466 0.648404
    0.696826 0.929312
    0.742204 0.648404
    0.739353 0.929312
    0.561226 0.700505
    0.561226 0.723696
    0.380361 0.758673
    0.381368 0.665531
    0.381368 0.665531
    0.380361 0.758673
    0.561226 0.723696
    0.561226 0.700505
    0.771156 0.592866
    0.812488 0.592866
    0.801627 0.443596
    0.782011 0.443596
    0.812488 0.592866
    0.771156 0.592866
    0.782011 0.443596
    0.801627 0.443596
    0.791817 0.392326
    0.779659 0.175756
    0.788819 0.209222
    0.729682 0.181098
    0.730205 0.133366
    0.558025 0.181098
    0.613964 0.721714
    0.613964 0.702485
    0.62515 0.712099
    0.561226 0.723696
    0.561226 0.700505
    0.791817 0.392326
    0.223019 0.181098
    0.173042 0.175755
    0.163882 0.209222
    0.222496 0.133366
    0.613964 0.702485
    0.613964 0.721714
    0.623731 0.712099
    0.561226 0.700505
    0.561226 0.723696
    0.557855 0.133366
    0.391911 0.181098
    0.223019 0.181098
    0.392098 0.133366
    0.173042 0.175756
    0.222496 0.133366
    0.163882 0.209222
    0.440947 0.181098
    0.52995 0.181098
    0.392098 0.0340386
    0.557855 0.0340366
    0.392098 0.133366
    0.557855 0.133366
    0.557855 0.0340366
    0.392098 0.0340386
    0.557855 0.133366
    0.391154 0.133366
    0.852567 0.911509
    0.975004 0.911509
    0.947961 0.218197
    0.879618 0.218197
    0.95742 0.175492
    0.870159 0.175492
    0.879618 0.218197
    0.947961 0.218197
    0.19356 0.321498
    0.263021 0.321498
    0.263021 0.350195
    0.211385 0.350195
    0.332483 0.321498
    0.314658 0.350195
    0.870158 0.175492
    0.95742 0.175492
    0.947961 0.218197
    0.879617 0.218197
    0.332483 0.321498
    0.263021 0.321498
    0.263021 0.350195
    0.314658 0.350195
    0.19356 0.321498
    0.211385 0.350195
    0.870159 0.175492
    0.95742 0.175492
    0.913789 0.00672432
    0.19356 0.321498
    0.263021 0.208089
    0.263021 0.321498
    0.208623 0.208089
    0.31742 0.208089
    0.332483 0.321498
    0.95742 0.175492
    0.870158 0.175492
    0.913789 0.00672432
    0.332483 0.321498
    0.263021 0.208089
    0.263021 0.321498
    0.19356 0.321498
    0.356643 0.0477576
    0.296212 0.108189
    0.235781 0.0477576
    0.296212 0.108189
    0.263021 0.350195
    0.339984 0.81609
    0.314658 0.350195
    0.211385 0.350195
    0.189991 0.816088
    0.975628 0.911507
    0.852688 0.911507
    0.879617 0.218197
    0.947961 0.218197
    0.263021 0.350195
    0.314658 0.350195
    0.339954 0.81609
    0.189476 0.816088
    0.211385 0.350195
    0.391154 0.133366
    0.440947 0.181098
    0.557855 0.133366
    0.391911 0.181098
    0.558025 0.181098
    0.730205 0.133366
    0.779659 0.175755
    0.729682 0.181098
    0.788819 0.209222
    0.52995 0.181098
    0.399487 0.577319
    0.419694 0.610782
    0.440045 0.597109
    0.52276 0.620455
    0.440045 0.597109
    0.399487 0.577319
    0.52276 0.620455
    0.730076 0.637791
    0.730154 0.497908
    0.706011 0.637791
    0.70616 0.497908
    0.612389 0.644886
    0.598483 0.612005
    0.626294 0.612005
    0.655097 0.822332
    0.657496 0.822332
    0.654927 0.803967
    0.657666 0.803967
    0.113379 0.0539443
    0.139308 0.953512
    0.140531 0.0920889
    0.0191686 0.955829
    0.0191686 0.0749055
    0.149446 0.0975045
    0.0191686 0.0749055
    0.140531 0.0920889
    0.0191686 0.955829
    0.139308 0.953512
    0.661067 0.99801
    0.48882 0.885502
    0.296865 0.960556
    0.27382 0.832247
    0.296865 0.960556
    0.27382 0.832247
    0.48882 0.885502
    0.661067 0.99801
    0.656297 0.81599
    0.552464 0.351732
    0.568837 0.191977
    0.568328 0.340466
    0.52276 0.620455
    0.550423 0.649922
    0.440947 0.181098
    0.391911 0.181098
    0.399487 0.577319
    0.440045 0.597109
    0.448532 0.586023
    0.440947 0.181098
    0.514355 0.603717
    0.52995 0.181098
    0.539359 0.658973
    0.550423 0.649922
    0.52276 0.620455
    0.539359 0.658973
    0.844879 0.0120569
    0.809136 0.240733
    0.833399 0.249194
    0.844879 0.0120569
    0.833399 0.249194
    0.809136 0.240733
    0.855235 0.625148
    0.796423 0.323185
    0.833452 0.314805
    0.796423 0.323185
    0.809136 0.240733
    0.833399 0.249194
    0.833452 0.314805
    0.855235 0.625148
    0.833452 0.314805
    0.796423 0.323185
    0.809136 0.240733
    0.796423 0.323185
    0.833452 0.314805
    0.833399 0.249194
    0.650802 0.232288
    0.763866 0.22919
    0.760192 0.419906
    0.651285 0.420293
    0.651285 0.420293
    0.760192 0.419906
    0.763866 0.22919
    0.650802 0.232288
    0.173066 0.832818
    0.189476 0.816088
    0.346446 0.832817
    0.339954 0.81609
    0.346446 0.832817
    0.339984 0.81609
    0.175327 0.821752
    0.189991 0.816088
    0.980561 0.919933
    0.975004 0.911509
    0.84698 0.919933
    0.852567 0.911509
    0.975628 0.911507
    0.981212 0.919936
    0.852688 0.911507
    0.847107 0.919936
    0.594118 0.222678
    0.630645 0.222679
    0.598483 0.612005
    0.626294 0.612005
    0.391911 0.181098
    0.742204 0.648404
    0.730076 0.637791
    0.692466 0.648404
    0.706011 0.637791
    0.695875 0.487659
    0.70616 0.497908
    0.740305 0.48766
    0.730154 0.497908
    0.52995 0.181098
    0.552464 0.351732
    0.558025 0.181098
    0.568837 0.191977
    0.568328 0.340466
    0.657278 0.811875
    0.654421 0.811875
    0.143187 0.0249383
    0.138219 0.990491
    0.00923258 0.707115
    0.00923258 0.0249383
    0.00923258 0.0249383
    0.00923258 0.707115
    0.143187 0.0249383
    0.138219 0.990491
    0.656814 0.821358
    0.653814 0.821358
endnode
node trimesh electro
  parent w_Vbroshort_003
  position 0.000759034 0.00102253 0.0282834
  orientation 0.270955 -0.678868 -0.682438 -3.67298
  scale 1.0
  alpha 1.0
  selfillumcolor 0.0 0.0 0.0
  diffuse 1.0 1.0 1.0
  ambient 1.0 1.0 1.0
  transparencyhint 0
  animateuv 0
  uvdirectionx 0.0
  uvdirectiony 0.0
  uvjitter 0.0
  uvjitterspeed 0.0
  lightmapped 0
  rotatetexture 0
  m_bIsBackgroundGeometry 0
  shadow 1
  beaming 0
  render 1
  dirt_enabled 0
  dirt_texture 0
  dirt_worldspace 0
  hologram_donotdraw 0
  tangentspace 0
  inv_count 0
  bitmap dm_cyb_glow_y1
  verts 18
    0.00759654 0.820203 0.00198685
    -0.0112735 0.81546 0.0179231
    -0.0110596 0.626097 0.0145091
    0.00677356 0.626104 0.00214111
    0.000292585 0.626097 -0.00240832
    -0.000443813 0.820178 0.00176327
    0.00217487 0.611992 -0.00357711
    -0.0110661 0.612016 0.0145031
    0.00640349 0.416853 0.00212735
    0.00678361 0.429904 0.00146756
    -0.0114296 0.429921 0.0144954
    -0.0114296 0.416846 0.0144954
    -0.0131373 0.218727 0.0165171
    0.00745325 0.222855 0.00222776
    0.00142659 0.429899 -0.00394976
    -0.000462175 0.416848 -0.0027871
    0.00714726 0.611999 0.0014752
    -0.00233372 0.222848 -0.00300523
  faces 20
    0 1 2  4  0 1 2  1
    2 3 0  4  2 3 0  1
    4 2 1  4  4 2 1  1
    1 5 4  4  1 5 4  1
    6 7 2  4  6 7 2  1
    2 4 6  4  2 4 6  1
    8 9 10  4  8 9 10  1
    10 11 8  4  10 11 8  1
    11 12 13  4  11 12 13  1
    13 8 11  4  13 8 11  1
    10 14 15  4  10 14 15  1
    15 11 10  4  15 11 10  1
    3 2 7  4  3 2 7  1
    7 16 3  4  7 16 3  1
    16 7 10  4  16 7 10  1
    10 9 16  4  10 9 16  1
    7 6 14  4  7 6 14  1
    14 10 7  4  14 10 7  1
    11 15 17  4  11 15 17  1
    17 12 11  4  17 12 11  1
  tverts 18
    0.584466 0.912233
    0.442224 0.947321
    0.481933 0.390002
    0.584466 0.390002
    0.584466 0.390002
    0.584466 0.912233
    0.659202 0.376787
    0.481871 0.376787
    0.584466 0.272631
    0.659202 0.284731
    0.481439 0.284731
    0.481382 0.272631
    0.480373 0.0391382
    0.584466 0.05781
    0.659202 0.284731
    0.584466 0.272631
    0.659202 0.376787
    0.584466 0.05781
endnode
node trimesh electro_glow
  parent w_Vbroshort_003
  position -0.000647433 0.000796042 -0.0850612
  orientation 0.27371 -0.679504 -0.680703 -3.66705
  scale 1.0
  alpha 1.0
  selfillumcolor 0.0 0.529412 1.0
  diffuse 1.0 1.0 1.0
  ambient 1.0 1.0 1.0
  transparencyhint 0
  animateuv 0
  uvdirectionx 0.0
  uvdirectiony 0.0
  uvjitter 0.0
  uvjitterspeed 0.0
  lightmapped 0
  rotatetexture 0
  m_bIsBackgroundGeometry 0
  shadow 0
  beaming 0
  render 1
  dirt_enabled 0
  dirt_texture 0
  dirt_worldspace 0
  hologram_donotdraw 0
  tangentspace 0
  inv_count 0
  bitmap dm_cyb_glow_y2
  verts 7
    -0.0315752 0.93115 0.025154
    -0.0156435 0.931137 0.00855363
    -0.0168061 0.323356 0.0120961
    -0.0427233 0.920081 0.0374848
    -0.0401934 0.355695 0.0370158
    -0.031526 0.325031 0.0277508
    -0.0396905 0.355695 0.0370158
  faces 8
    1 0 2  4  1 0 2  1
    0 3 2  4  0 3 2  1
    3 4 2  4  3 4 2  1
    2 4 5  4  2 4 5  1
    2 0 1  4  2 0 1  1
    2 3 0  4  2 3 0  1
    2 6 3  4  2 6 3  1
    5 6 2  4  5 6 2  1
  tverts 7
    0.534916 0.948983
    0.375712 0.949649
    0.375712 0.0496483
    0.652423 0.880939
    0.656213 0.0998623
    0.546287 0.0496483
    0.656213 0.0998623
endnode
endmodelgeom w_Vbroshort_003
donemodel w_Vbroshort_003
