# Exported from KOTORmax 0.4.1 at 5/11/2019 7:12:08 PM
# MODEL ASCII
#local file: C:\Users\ablanche\Documents\Modding\Kotor\STAR WARS Knights of the Old Republic\Works\w_dblswrd_003\moded_model.max
filedependancy moded_model.max
newmodel w_Dblswrd_003
setsupermodel w_Dblswrd_003 NULL
classification placeable
classification_unk1 0
ignorefog 0
setanimationscale 1.0
compress_quaternions 0
headlink 0


# GEOM ASCII
beginmodelgeom w_Dblswrd_003
  bmin -5.0 -5.0 -1.0
  bmax 5.0 5.0 10.0
  radius 7.0
node dummy w_Dblswrd_003
  parent NULL
endnode
node trimesh w_DbleLongsword02
  parent w_Dblswrd_003
  position 0.0 0.0 0.0
  orientation 1.0 0.0 0.0 0.0
  scale 1.0
  alpha 1.0
  selfillumcolor 0.0 0.0 0.0
  diffuse 1.0 1.0 1.0
  ambient 1.0 1.0 1.0
  transparencyhint 0
  animateuv 0
  uvdirectionx 0.0
  uvdirectiony 0.0
  uvjitter 0.0
  uvjitterspeed 0.0
  lightmapped 0
  rotatetexture 0
  m_bIsBackgroundGeometry 0
  shadow 1
  beaming 0
  render 1
  dirt_enabled 0
  dirt_texture 1
  dirt_worldspace 1
  hologram_donotdraw 0
  tangentspace 0
  inv_count 95
  bitmap w_Dblswrd_003
  verts 264
    -0.00861328 -0.0154242 -0.0747229
    0.0090686 -0.0154242 -0.0747229
    0.000227661 -0.0580074 -0.074779
    0.0090686 0.019917 -0.0747229
    -0.00861328 0.019917 -0.0747229
    0.000227661 0.0618996 -0.0748366
    -0.00861328 0.0157478 -0.0659086
    0.0090686 0.0157478 -0.0659086
    -0.00492615 0.0528689 -0.0658016
    0.00538147 0.0528689 -0.0658016
    0.0090686 -0.0127454 -0.0659086
    -0.00861328 -0.0127454 -0.0659086
    0.00538147 -0.0489423 -0.0658016
    -0.00492615 -0.0489423 -0.0658016
    0.0090686 0.0157478 -0.0659086
    0.0090686 0.019917 -0.0747229
    0.00538147 0.0528689 -0.0658016
    0.000227661 0.0618996 -0.0748366
    0.0090686 -0.0154242 -0.0747229
    0.00538147 -0.0489423 -0.0658016
    0.000227661 -0.0580074 -0.074779
    0.0090686 -0.0127454 -0.0659086
    -0.00861328 -0.0127454 -0.0659086
    -0.00861328 -0.0154242 -0.0747229
    -0.00492615 -0.0489423 -0.0658016
    0.000227661 -0.0580074 -0.074779
    -0.00861328 0.019917 -0.0747229
    -0.00492615 0.0528689 -0.0658016
    0.000227661 0.0618996 -0.0748366
    -0.00861328 0.0157478 -0.0659086
    0.0090686 -0.0154242 -0.0747229
    -0.00861328 -0.0154242 -0.0747229
    0.00307251 -0.0154242 -0.0812398
    -0.00261414 -0.0154242 -0.0812398
    0.00509888 0.0022464 -0.0814512
    0.0090686 0.019917 -0.0747229
    0.0090686 -0.0154242 -0.0747229
    0.00378357 0.019917 -0.0816626
    0.00307251 -0.0154242 -0.0812398
    0.00023114 0.0172505 -0.0557604
    0.0111124 0.00165391 -0.0568244
    0.0080628 0.0190327 -0.0567606
    -0.00776373 0.0192714 -0.0569534
    -0.00776373 0.0192714 -0.0569534
    0.0080628 0.0190327 -0.0567606
    -0.00861328 0.0157478 -0.0659086
    0.0090686 0.0157478 -0.0659086
    0.00023114 -0.0132606 -0.0557604
    -0.0106789 0.0018509 -0.0568714
    -0.00761274 -0.0155696 -0.0567893
    0.00817975 -0.0157249 -0.0568881
    0.00817975 -0.0157249 -0.0568881
    -0.00761274 -0.0155696 -0.0567893
    0.0090686 -0.0127454 -0.0659086
    -0.00861328 -0.0127454 -0.0659086
    -0.00492615 0.0528689 -0.0658016
    0.00538147 0.0528689 -0.0658016
    0.000227661 0.0618996 -0.0748366
    0.00538147 -0.0489423 -0.0658016
    -0.00492615 -0.0489423 -0.0658016
    0.000227661 -0.0580074 -0.074779
    0.0111124 0.00165391 -0.0568244
    0.0090686 0.0157478 -0.0659086
    0.0080628 0.0190327 -0.0567606
    0.0090686 -0.0127454 -0.0659086
    0.00817975 -0.0157249 -0.0568881
    -0.00776373 0.0192714 -0.0569534
    -0.00861328 0.0157478 -0.0659086
    -0.0106789 0.0018509 -0.0568714
    -0.00861328 -0.0127454 -0.0659086
    -0.00761274 -0.0155696 -0.0567893
    0.000227661 -0.0580074 0.375969
    0.0090686 -0.0154242 0.376104
    -0.00861328 -0.0154242 0.376104
    0.000227661 0.0618996 0.376027
    -0.00861328 0.019917 0.376104
    0.0090686 0.019917 0.376104
    -0.00492615 0.0528689 0.368131
    0.0090686 0.0157478 0.368238
    -0.00861328 0.0157478 0.368238
    0.00538147 0.0528689 0.368131
    0.00538147 -0.0489423 0.368131
    -0.00861328 -0.0127454 0.368238
    0.0090686 -0.0127454 0.368238
    -0.00492615 -0.0489423 0.368131
    0.00538147 0.0528689 0.368131
    0.0090686 0.019917 0.376104
    0.0090686 0.0157478 0.368238
    0.000227661 0.0618996 0.376027
    0.000227661 -0.0580074 0.375969
    0.00538147 -0.0489423 0.368131
    0.0090686 -0.0154242 0.376104
    0.0090686 -0.0127454 0.368238
    -0.00492615 -0.0489423 0.368131
    -0.00861328 -0.0154242 0.376104
    -0.00861328 -0.0127454 0.368238
    0.000227661 -0.0580074 0.375969
    0.000227661 0.0618996 0.376027
    -0.00492615 0.0528689 0.368131
    -0.00861328 0.019917 0.376104
    -0.00861328 0.0157478 0.368238
    0.0080628 0.0190327 0.35909
    0.0111124 0.00165391 0.359154
    0.00023114 0.0172504 0.35809
    -0.00776373 0.0192714 0.359283
    -0.00861328 0.0157478 0.368238
    0.0080628 0.0190327 0.35909
    -0.00776373 0.0192714 0.359283
    0.0090686 0.0157478 0.368238
    -0.00761274 -0.0155696 0.359119
    -0.0106789 0.0018509 0.359201
    0.00023114 -0.0132606 0.35809
    0.00817975 -0.0157249 0.359217
    0.0090686 -0.0127454 0.368238
    -0.00761274 -0.0155696 0.359119
    0.00817975 -0.0157249 0.359217
    -0.00861328 -0.0127454 0.368238
    0.000227661 0.0618996 0.376027
    0.00538147 0.0528689 0.368131
    -0.00492615 0.0528689 0.368131
    0.000227661 -0.0580074 0.375969
    -0.00492615 -0.0489423 0.368131
    0.00538147 -0.0489423 0.368131
    0.0080628 0.0190327 0.35909
    0.0090686 0.0157478 0.368238
    0.0111124 0.00165391 0.359154
    0.0090686 -0.0127454 0.368238
    0.00817975 -0.0157249 0.359217
    -0.0106789 0.0018509 0.359201
    -0.00861328 0.0157478 0.368238
    -0.00776373 0.0192714 0.359283
    -0.00861328 -0.0127454 0.368238
    -0.00761274 -0.0155696 0.359119
    0.0111124 0.00165391 0.359154
    0.00023114 -0.0132606 0.35809
    0.0111124 0.00165391 0.145905
    0.00023114 -0.0132606 0.145905
    0.00023114 0.0172504 0.35809
    0.00023114 0.0172505 0.145905
    -0.0106789 0.0018509 0.359201
    -0.0106789 0.0018509 0.144987
    -0.00269531 0.0172696 -0.0822951
    0.00306152 0.0172696 -0.0822951
    -0.00186462 0.0172779 -0.411756
    0.00222534 0.0172779 -0.411756
    0.000183105 -0.0145035 -0.0822951
    0.000179443 0.000274525 -0.315604
    0.00306152 0.0172696 -0.0822951
    0.00222534 0.0172779 -0.411756
    -0.00269531 0.0172696 -0.0822951
    -0.00186462 0.0172779 -0.411756
    0.000183105 -0.0145035 -0.0822951
    0.000179443 0.000274525 -0.315604
    -0.00861328 0.019917 -0.0747229
    0.0090686 0.019917 -0.0747229
    -0.00313965 0.019917 -0.0816626
    0.00378357 0.019917 -0.0816626
    -0.00261414 -0.0154242 -0.0812398
    -0.00861328 -0.0154242 -0.0747229
    -0.00454834 0.0022464 -0.0814512
    -0.00861328 0.019917 -0.0747229
    -0.00313965 0.019917 -0.0816626
    -0.00269531 0.0172696 -0.0822951
    0.000183105 -0.0145035 -0.0822951
    -0.00454834 0.0022464 -0.0814512
    -0.00261414 -0.0154242 -0.0812398
    0.00307251 -0.0154242 -0.0812398
    -0.00313965 0.019917 -0.0816626
    0.00509888 0.0022464 -0.0814512
    0.000183105 -0.0145035 -0.0822951
    0.00306152 0.0172696 -0.0822951
    0.00307251 -0.0154242 -0.0812398
    -0.00269531 0.0172696 -0.0822951
    0.00378357 0.019917 -0.0816626
    -0.00313965 0.019917 -0.0816626
    0.0090686 0.019917 0.376104
    -0.00861328 0.019917 0.376104
    0.00307251 0.019917 0.383754
    -0.00261414 0.019917 0.383754
    0.00306152 -0.0127768 0.384809
    -0.00269531 -0.0127768 0.384809
    0.00378357 -0.0154242 0.384177
    -0.00313965 -0.0154242 0.384177
    0.00511963 0.0022464 0.383965
    0.0090686 -0.0154242 0.376104
    0.0090686 0.019917 0.376104
    0.00378357 -0.0154242 0.384177
    0.00307251 0.019917 0.383754
    -0.00269531 -0.0127768 0.384809
    0.00306152 -0.0127768 0.384809
    -0.0021051 -0.0127845 0.691874
    0.00246887 -0.0127845 0.691874
    0.000183105 0.0189963 0.384809
    0.000180054 0.000575198 0.583999
    0.00306152 -0.0127768 0.384809
    0.00246887 -0.0127845 0.691874
    -0.00269531 -0.0127768 0.384809
    -0.0021051 -0.0127845 0.691874
    0.000183105 0.0189963 0.384809
    0.000180054 0.000575198 0.583999
    -0.00861328 -0.0154242 0.376104
    0.0090686 -0.0154242 0.376104
    -0.00313965 -0.0154242 0.384177
    0.00378357 -0.0154242 0.384177
    -0.00313965 -0.0154242 0.384177
    -0.00512878 0.0022464 0.383965
    -0.00861328 -0.0154242 0.376104
    -0.00261414 0.019917 0.383754
    -0.00861328 0.019917 0.376104
    0.00511963 0.0022464 0.383965
    0.00307251 0.019917 0.383754
    0.000183105 0.0189963 0.384809
    -0.00512878 0.0022464 0.383965
    -0.00261414 0.019917 0.383754
    0.000177002 0.0141986 1.24325
    -0.00139832 -0.0127936 1.20465
    0.000177002 0.000971947 1.28525
    0.000177002 0.000582098 1.18521
    0.000177002 -0.012797 1.30422
    0.000177002 -0.012797 1.30422
    0.00175903 -0.0127936 1.20465
    0.000177002 0.000971947 1.28525
    0.000177002 0.0141986 1.24325
    0.000177002 0.000582098 1.18521
    0.000177002 0.00352081 -0.932914
    -0.000985107 0.0172867 -0.86125
    0.000177002 0.0172897 -0.951884
    0.000177002 -0.00970596 -0.890907
    0.000177002 0.000268125 -0.83287
    0.000177002 -0.00970596 -0.890907
    0.00134033 0.0172867 -0.861347
    0.000177002 0.000268125 -0.83287
    0.000177002 0.00352081 -0.932914
    0.000177002 0.0172897 -0.951884
    0.00214844 -0.0127886 1.05485
    -0.00178589 -0.0127886 1.05485
    0.000178223 0.000578496 1.05485
    0.00214844 -0.0127886 1.05485
    -0.00178589 -0.0127886 1.05485
    0.000178223 0.000578496 1.05485
    0.00181641 0.017282 -0.720088
    -0.00145874 0.017282 -0.720088
    0.000178223 0.000271226 -0.720088
    0.00181641 0.017282 -0.720088
    -0.00145874 0.017282 -0.720088
    0.000178223 0.000271226 -0.720088
    0.00175903 -0.0127936 1.20465
    0.000177002 -0.012797 1.30422
    -0.00139832 -0.0127936 1.20465
    0.000177002 0.000582098 1.18521
    0.00175903 -0.0127936 1.20465
    -0.00139832 -0.0127936 1.20465
    0.000177002 0.000582098 1.18521
    0.00134033 0.0172867 -0.861347
    0.000177002 0.0172897 -0.951884
    -0.000985107 0.0172867 -0.86125
    0.000177002 0.000268125 -0.83287
    0.00134033 0.0172867 -0.861347
    -0.000985107 0.0172867 -0.86125
    0.000177002 0.000268125 -0.83287
    0.00023114 -0.0132606 -0.0557604
    0.0111124 0.00165391 -0.0568244
    0.00023114 0.0172505 -0.0557604
    -0.0106789 0.0018509 -0.0568714
  faces 176
    0 1 2  4  0 1 2  3
    3 4 5  4  3 4 5  4
    6 7 8  4  6 7 8  4
    9 8 7  8  9 8 7  4
    10 11 12  4  10 11 12  3
    13 12 11  4  13 12 11  3
    14 15 16  16  14 15 16  5
    17 16 15  16  17 16 15  5
    18 19 20  8  18 19 20  5
    19 18 21  8  19 18 21  5
    22 23 24  8  22 23 24  6
    25 24 23  8  25 24 23  6
    26 27 28  8  26 27 28  6
    27 26 29  8  27 26 29  6
    30 31 32  8  30 31 32  1
    31 33 32  8  31 33 32  1
    34 35 36  4  34 35 36  1
    35 34 37  4  35 34 37  1
    36 38 34  4  36 38 34  1
    18 15 14  16  18 15 14  5
    14 21 18  8  14 21 18  5
    26 23 22  8  26 23 22  6
    22 29 26  8  22 29 26  6
    39 40 41  4  39 40 41  2
    41 42 39  4  41 42 39  2
    43 44 45  8  43 44 45  2
    46 45 44  8  46 45 44  2
    47 48 49  4  47 48 49  2
    49 50 47  4  49 50 47  2
    51 52 53  8  51 52 53  2
    54 53 52  8  54 53 52  2
    55 56 57  4  55 56 57  4
    58 59 60  16  58 59 60  3
    61 62 63  16  61 62 63  2
    61 64 62  16  61 64 62  2
    65 64 61  16  65 64 61  2
    66 67 68  16  66 67 68  2
    68 67 69  16  68 67 69  2
    70 68 69  16  70 68 69  2
    50 40 47  4  50 40 47  2
    42 48 39  4  42 48 39  2
    71 72 73  4  71 72 73  3
    74 75 76  4  74 75 76  4
    77 78 79  4  77 78 79  4
    78 77 80  4  78 77 80  4
    81 82 83  4  81 82 83  3
    82 81 84  4  82 81 84  3
    85 86 87  8  85 86 87  5
    86 85 88  8  86 85 88  5
    89 90 91  8  89 90 91  5
    92 91 90  8  92 91 90  5
    93 94 95  8  93 94 95  6
    94 93 96  8  94 93 96  6
    97 98 99  8  97 98 99  6
    100 99 98  8  100 99 98  6
    87 86 91  8  87 86 91  5
    91 92 87  8  91 92 87  5
    95 94 99  8  95 94 99  6
    99 100 95  8  99 100 95  6
    101 102 103  4  101 102 103  2
    103 104 101  4  103 104 101  2
    105 106 107  8  105 106 107  2
    106 105 108  8  106 105 108  2
    109 110 111  4  109 110 111  2
    111 112 109  4  111 112 109  2
    113 114 115  8  113 114 115  2
    114 113 116  8  114 113 116  2
    117 118 119  16  117 118 119  4
    120 121 122  16  120 121 122  3
    123 124 125  16  123 124 125  2
    124 126 125  16  124 126 125  2
    125 126 127  16  125 126 127  2
    128 129 130  16  128 129 130  2
    131 129 128  16  131 129 128  2
    131 128 132  16  131 128 132  2
    133 134 135  8  133 134 135  2
    136 135 134  8  136 135 134  2
    137 133 135  8  137 133 135  2
    135 138 137  8  135 138 137  2
    139 137 140  8  139 137 140  2
    138 140 137  8  138 140 137  2
    134 139 140  8  134 139 140  2
    140 136 134  8  140 136 134  2
    111 102 112  4  111 102 112  2
    103 110 104  4  103 110 104  2
    141 142 143  4  141 142 143  3
    144 143 142  4  144 143 142  3
    145 146 147  8  145 146 147  1
    148 147 146  8  148 147 146  1
    149 150 151  16  149 150 151  1
    152 151 150  16  152 151 150  1
    153 154 155  8  153 154 155  1
    156 155 154  8  156 155 154  1
    157 158 159  4  157 158 159  1
    159 158 160  4  159 158 160  1
    161 159 160  4  161 159 160  1
    162 163 164  32  162 163 164  1
    165 163 166  32  165 163 166  1
    163 165 164  32  163 165 164  1
    162 164 167  32  162 164 167  1
    168 169 170  16  168 169 170  1
    171 169 168  16  171 169 168  1
    170 172 173  16  170 172 173  1
    174 173 172  16  174 173 172  1
    173 168 170  16  173 168 170  1
    175 176 177  8  175 176 177  1
    176 178 177  8  176 178 177  1
    179 180 181  4  179 180 181  1
    182 181 180  4  182 181 180  1
    183 184 185  16  183 184 185  1
    184 183 186  16  184 183 186  1
    185 187 183  16  185 187 183  1
    188 189 190  8  188 189 190  3
    191 190 189  8  191 190 189  3
    192 193 194  16  192 193 194  1
    195 194 193  16  195 194 193  1
    196 197 198  32  196 197 198  1
    199 198 197  32  199 198 197  1
    200 201 202  8  200 201 202  1
    203 202 201  8  203 202 201  1
    204 205 206  16  204 205 206  1
    207 208 205  16  207 208 205  1
    205 208 206  16  205 208 206  1
    209 210 179  4  209 210 179  1
    180 211 212  4  180 211 212  1
    213 211 210  4  213 211 210  1
    211 213 212  4  211 213 212  1
    210 211 179  4  210 211 179  1
    180 212 182  4  180 212 182  1
    181 209 179  4  181 209 179  1
    214 215 216  4  214 215 216  1
    217 215 214  4  217 215 214  1
    216 215 218  4  216 215 218  1
    219 220 221  32  219 220 221  1
    222 220 223  32  222 220 223  1
    221 220 222  32  221 220 222  1
    224 225 226  8  224 225 226  1
    227 225 224  8  227 225 224  1
    228 225 227  8  228 225 227  1
    229 230 231  16  229 230 231  1
    232 230 229  16  232 230 229  1
    233 230 232  16  233 230 232  1
    191 234 190  8  191 234 190  3
    235 190 234  8  235 190 234  3
    193 236 195  16  193 236 195  1
    237 195 236  16  237 195 236  1
    197 238 199  32  197 238 199  1
    239 199 238  32  239 199 238  1
    144 240 143  4  144 240 143  3
    241 143 240  4  241 143 240  3
    146 242 148  8  146 242 148  1
    243 148 242  8  243 148 242  1
    150 244 152  16  150 244 152  1
    245 152 244  16  245 152 244  1
    234 246 235  8  234 246 235  3
    246 247 248  8  246 247 248  3
    248 235 246  8  248 235 246  3
    236 249 237  16  236 249 237  1
    250 237 249  16  250 237 249  1
    238 251 252  32  238 251 252  1
    252 239 238  32  252 239 238  1
    253 254 255  4  253 254 255  3
    240 253 241  4  240 253 241  3
    255 241 253  4  255 241 253  3
    242 256 243  8  242 256 243  1
    257 243 256  8  257 243 256  1
    244 258 259  16  244 258 259  1
    259 245 244  16  259 245 244  1
    136 260 135  8  136 260 135  2
    261 135 260  8  261 135 260  2
    135 261 262  8  135 261 262  2
    262 138 135  8  262 138 135  2
    138 262 140  8  138 262 140  2
    263 140 262  8  263 140 262  2
    140 263 260  8  140 263 260  2
    260 136 140  8  260 136 140  2
  tverts 264
    0.472174 0.52216
    0.472174 0.697211
    0.845921 0.609685
    0.472174 0.697211
    0.472174 0.52216
    0.845921 0.609685
    0.858465 0.847363
    0.858465 0.686395
    0.537646 0.813798
    0.537646 0.719961
    0.858465 0.686395
    0.858465 0.847363
    0.537646 0.719961
    0.537646 0.813798
    0.371884 0.623583
    0.312813 0.655745
    0.372688 0.909946
    0.313388 0.979612
    0.312813 0.383112
    0.372688 0.124542
    0.309993 0.0546117
    0.371885 0.403777
    0.371885 0.403777
    0.312813 0.383112
    0.372688 0.124542
    0.309993 0.0546117
    0.312813 0.655745
    0.372688 0.909946
    0.313388 0.979612
    0.371884 0.623583
    0.71658 0.448336
    0.504981 0.447803
    0.640108 0.522168
    0.559777 0.521275
    0.268246 0.517299
    0.312813 0.655745
    0.312813 0.383112
    0.266022 0.648345
    0.270471 0.386252
    0.863979 0.541013
    0.976976 0.440814
    0.945311 0.552093
    0.779176 0.55473
    0.533007 0.339359
    0.674527 0.340061
    0.490003 0.404145
    0.71658 0.404145
    0.863979 0.541013
    0.750686 0.442087
    0.779176 0.55473
    0.945311 0.552093
    0.674527 0.340061
    0.533007 0.339359
    0.71658 0.404145
    0.490003 0.404145
    0.537646 0.813798
    0.537646 0.719961
    0.457301 0.766879
    0.537646 0.719961
    0.537646 0.813798
    0.457301 0.766879
    0.457331 0.506268
    0.371884 0.623583
    0.457863 0.577798
    0.371885 0.403777
    0.456798 0.434738
    0.457863 0.577798
    0.371884 0.623583
    0.457331 0.506268
    0.371885 0.403777
    0.456798 0.434738
    0.845921 0.609685
    0.472174 0.697211
    0.472174 0.52216
    0.845921 0.609685
    0.472174 0.52216
    0.472174 0.697211
    0.537646 0.813798
    0.858465 0.686395
    0.858465 0.847363
    0.537646 0.719961
    0.537646 0.719961
    0.858465 0.847363
    0.858465 0.686395
    0.537646 0.813798
    0.372688 0.909946
    0.312813 0.655745
    0.371884 0.623583
    0.313388 0.979612
    0.309993 0.0546117
    0.372688 0.124542
    0.312813 0.383112
    0.371885 0.403777
    0.372688 0.124542
    0.312813 0.383112
    0.371885 0.403777
    0.309993 0.0546117
    0.313388 0.979612
    0.372688 0.909946
    0.312813 0.655745
    0.371884 0.623583
    0.945311 0.552093
    0.976976 0.440814
    0.863979 0.541013
    0.779176 0.55473
    0.490003 0.404145
    0.674527 0.340061
    0.533007 0.339359
    0.71658 0.404145
    0.779176 0.55473
    0.750686 0.442087
    0.863979 0.541013
    0.945311 0.552093
    0.71658 0.404145
    0.533007 0.339359
    0.674527 0.340061
    0.490003 0.404145
    0.457301 0.766879
    0.537646 0.719961
    0.537646 0.813798
    0.457301 0.766879
    0.537646 0.813798
    0.537646 0.719961
    0.457863 0.577798
    0.371884 0.623583
    0.457331 0.506268
    0.371885 0.403777
    0.456798 0.434738
    0.457331 0.506268
    0.371884 0.623583
    0.457863 0.577798
    0.371885 0.403777
    0.456798 0.434738
    0.411334 0.893722
    0.411284 0.9645
    0.982911 0.954874
    0.982197 0.889839
    0.411284 0.9645
    0.982747 0.960458
    0.411334 0.893722
    0.984924 0.89043
    0.812497 0.920071
    0.81362 0.920071
    0.812612 0.918342
    0.813504 0.918342
    0.00388548 0.991286
    0.00244544 0.0414299
    0.242832 0.994926
    0.242813 0.0393677
    0.242832 0.994926
    0.242813 0.0393677
    0.00388548 0.991286
    0.00244544 0.0414299
    0.504981 0.447803
    0.71658 0.448336
    0.559777 0.521275
    0.640108 0.522168
    0.270471 0.386252
    0.312813 0.383112
    0.268246 0.517299
    0.312813 0.655745
    0.266022 0.648345
    0.942729 0.400621
    0.743435 0.377899
    0.848497 0.416871
    0.73766 0.400711
    0.73766 0.355819
    0.959621 0.404217
    0.848497 0.335968
    0.743435 0.377899
    0.942729 0.355178
    0.73766 0.355819
    0.942729 0.400621
    0.959621 0.349561
    0.959621 0.404217
    0.71658 0.448336
    0.504981 0.447803
    0.640108 0.522168
    0.559777 0.521275
    0.942729 0.400621
    0.942729 0.355178
    0.959621 0.404217
    0.959621 0.349561
    0.268246 0.517299
    0.312813 0.383112
    0.312813 0.655745
    0.270471 0.386252
    0.266022 0.648345
    0.812497 0.920071
    0.81362 0.920071
    0.812612 0.918342
    0.813504 0.918342
    0.00388548 0.991286
    0.00244544 0.0414299
    0.242832 0.994926
    0.242813 0.0393677
    0.242832 0.994926
    0.242813 0.0393677
    0.00388548 0.991286
    0.00244544 0.0414299
    0.504981 0.447803
    0.71658 0.448336
    0.559777 0.521275
    0.640108 0.522168
    0.270471 0.386252
    0.268246 0.517299
    0.312813 0.383112
    0.266022 0.648345
    0.312813 0.655745
    0.848497 0.416871
    0.73766 0.400711
    0.743435 0.377899
    0.848497 0.335968
    0.73766 0.355819
    0.717567 0.187098
    0.887246 0.00703272
    0.485719 0.0943281
    0.983672 0.212251
    0.374272 0.0104978
    0.374272 0.0104978
    0.887246 0.00703272
    0.485719 0.0943281
    0.717567 0.187098
    0.983672 0.212251
    0.485719 0.0943281
    0.887246 0.00703272
    0.374272 0.0104978
    0.717567 0.187098
    0.983672 0.212251
    0.717567 0.187098
    0.887246 0.00703272
    0.983672 0.212251
    0.485719 0.0943281
    0.374272 0.0104978
    0.813442 0.920366
    0.812674 0.920366
    0.00258706 0.991873
    0.242844 0.992214
    0.242844 0.992214
    0.00258706 0.991873
    0.813442 0.920366
    0.812674 0.920366
    0.00258706 0.991873
    0.242844 0.992214
    0.242844 0.992214
    0.00258706 0.991873
    0.813718 0.919024
    0.813405 0.918609
    0.813102 0.919024
    0.0037863 0.360152
    0.24288 0.175888
    0.24288 0.175888
    0.0037863 0.360152
    0.813718 0.919024
    0.813405 0.918609
    0.813102 0.919024
    0.0037863 0.360152
    0.24288 0.175888
    0.24288 0.175888
    0.0037863 0.360152
    0.411284 0.9645
    0.411334 0.893722
    0.411284 0.9645
    0.411334 0.893722
endnode
node trimesh electro_glow_front
  parent w_Dblswrd_003
  position -0.000647433 -0.00502071 -0.102726
  orientation 0.27371 -0.679504 -0.680703 -3.66705
  scale 1.0
  alpha 1.0
  selfillumcolor 0.0 0.529412 1.0
  diffuse 1.0 1.0 1.0
  ambient 1.0 1.0 1.0
  transparencyhint 0
  animateuv 0
  uvdirectionx 0.0
  uvdirectiony 0.0
  uvjitter 0.0
  uvjitterspeed 0.0
  lightmapped 0
  rotatetexture 0
  m_bIsBackgroundGeometry 0
  shadow 0
  beaming 0
  render 1
  dirt_enabled 0
  dirt_texture 0
  dirt_worldspace 0
  hologram_donotdraw 0
  tangentspace 0
  inv_count 0
  bitmap dm_cyb_glow_b2
  verts 7
    -0.0390854 1.31393 0.0263448
    -0.0231537 1.31391 0.00974439
    -0.0199386 0.484017 0.0132674
    -0.0502335 1.30286 0.0386756
    -0.0433259 0.516356 0.038187
    -0.0346586 0.485692 0.0289221
    -0.042823 0.516356 0.038187
  faces 8
    1 0 2  4  1 0 2  1
    0 3 2  4  0 3 2  1
    3 4 2  4  3 4 2  1
    2 4 5  4  2 4 5  1
    2 0 1  4  2 0 1  1
    2 3 0  4  2 3 0  1
    2 6 3  4  2 6 3  1
    5 6 2  4  5 6 2  1
  tverts 7
    0.534916 0.948983
    0.375712 0.949649
    0.375712 0.0496483
    0.652423 0.880939
    0.656213 0.0998623
    0.546287 0.0496483
    0.656213 0.0998623
endnode
node trimesh electro_glow_back
  parent w_Dblswrd_003
  position -0.000647433 0.00393796 0.402034
  orientation -0.268564 -0.683677 0.678572 -3.67813
  scale 1.0
  alpha 1.0
  selfillumcolor 0.0 0.529412 1.0
  diffuse 1.0 1.0 1.0
  ambient 1.0 1.0 1.0
  transparencyhint 0
  animateuv 0
  uvdirectionx 0.0
  uvdirectiony 0.0
  uvjitter 0.0
  uvjitterspeed 0.0
  lightmapped 0
  rotatetexture 0
  m_bIsBackgroundGeometry 0
  shadow 0
  beaming 0
  render 1
  dirt_enabled 0
  dirt_texture 0
  dirt_worldspace 0
  hologram_donotdraw 0
  tangentspace 0
  inv_count 0
  bitmap dm_cyb_glow_b2
  verts 7
    -0.0390854 1.31393 0.0263448
    -0.0231537 1.31391 0.00974439
    -0.0199386 0.484017 0.0132674
    -0.0502335 1.30286 0.0386756
    -0.0433259 0.516356 0.038187
    -0.0346586 0.485692 0.0289221
    -0.042823 0.516356 0.038187
  faces 8
    1 0 2  4  1 0 2  1
    0 3 2  4  0 3 2  1
    3 4 2  4  3 4 2  1
    2 4 5  4  2 4 5  1
    2 0 1  4  2 0 1  1
    2 3 0  4  2 3 0  1
    2 6 3  4  2 6 3  1
    5 6 2  4  5 6 2  1
  tverts 7
    0.534916 0.948983
    0.375712 0.949649
    0.375712 0.0496483
    0.652423 0.880939
    0.656213 0.0998623
    0.546287 0.0496483
    0.656213 0.0998623
endnode
node trimesh electro_front
  parent w_Dblswrd_003
  position -0.00152647 0.00102253 0.0104095
  orientation 0.270955 -0.678868 -0.682438 -3.67298
  scale 1.0
  alpha 1.0
  selfillumcolor 0.0 0.0 0.0
  diffuse 1.0 1.0 1.0
  ambient 1.0 1.0 1.0
  transparencyhint 0
  animateuv 0
  uvdirectionx 0.0
  uvdirectiony 0.0
  uvjitter 0.0
  uvjitterspeed 0.0
  lightmapped 0
  rotatetexture 0
  m_bIsBackgroundGeometry 0
  shadow 1
  beaming 0
  render 1
  dirt_enabled 0
  dirt_texture 0
  dirt_worldspace 0
  hologram_donotdraw 0
  tangentspace 0
  inv_count 0
  bitmap dm_cyb_glow_b1
  verts 18
    0.000882869 1.18959 0.00646822
    -0.0103733 1.20059 0.0144228
    -0.0111025 1.04898 0.0143985
    0.00305371 1.04898 0.00590546
    -0.00263419 1.04899 0.000520317
    -0.00346332 1.18961 0.00235172
    -0.00171256 1.03488 0.000363941
    -0.0111089 1.0349 0.0143925
    0.00234899 0.565157 0.00500312
    0.00272911 0.578208 0.00434333
    -0.0132893 0.57823 0.0150582
    -0.0132894 0.565156 0.0150582
    -0.013588 0.375348 0.0137672
    0.000203602 0.388387 0.0068119
    -0.00389168 0.578224 -0.00191131
    -0.00478908 0.565206 -0.00179325
    0.0034274 1.03487 0.00523955
    -0.00728005 0.388385 -0.000269776
  faces 20
    0 1 2  4  0 1 2  1
    2 3 0  4  2 3 0  1
    4 2 1  4  4 2 1  1
    1 5 4  4  1 5 4  1
    6 7 2  4  6 7 2  1
    2 4 6  4  2 4 6  1
    8 9 10  4  8 9 10  1
    10 11 8  4  10 11 8  1
    11 12 13  4  11 12 13  1
    13 8 11  4  13 8 11  1
    10 14 15  4  10 14 15  1
    15 11 10  4  15 11 10  1
    3 2 7  4  3 2 7  1
    7 16 3  4  7 16 3  1
    16 7 10  4  16 7 10  1
    10 9 16  4  10 9 16  1
    7 6 14  4  7 6 14  1
    14 10 7  4  14 10 7  1
    11 15 17  4  11 15 17  1
    17 12 11  4  17 12 11  1
  tverts 18
    0.584466 0.912233
    0.442224 0.947321
    0.481933 0.390002
    0.584466 0.390002
    0.584466 0.390002
    0.584466 0.912233
    0.659202 0.376787
    0.481871 0.376787
    0.584466 0.272631
    0.659202 0.284731
    0.481439 0.284731
    0.481382 0.272631
    0.480373 0.0391382
    0.584466 0.05781
    0.659202 0.284731
    0.584466 0.272631
    0.659202 0.376787
    0.584466 0.05781
endnode
node trimesh electro_back
  parent w_Dblswrd_003
  position -0.00152647 0.00102253 0.293662
  orientation -0.271553 -0.683636 0.677422 -3.67169
  scale 1.0
  alpha 1.0
  selfillumcolor 0.0 0.0 0.0
  diffuse 1.0 1.0 1.0
  ambient 1.0 1.0 1.0
  transparencyhint 0
  animateuv 0
  uvdirectionx 0.0
  uvdirectiony 0.0
  uvjitter 0.0
  uvjitterspeed 0.0
  lightmapped 0
  rotatetexture 0
  m_bIsBackgroundGeometry 0
  shadow 1
  beaming 0
  render 1
  dirt_enabled 0
  dirt_texture 0
  dirt_worldspace 0
  hologram_donotdraw 0
  tangentspace 0
  inv_count 0
  bitmap dm_cyb_glow_b1
  verts 18
    0.000882869 1.18959 0.00646822
    -0.0103733 1.20059 0.0144228
    -0.0111025 1.04898 0.0143985
    0.00305371 1.04898 0.00590546
    -0.00263419 1.04899 0.000520317
    -0.00346332 1.18961 0.00235172
    -0.00171256 1.03488 0.000363941
    -0.0111089 1.0349 0.0143925
    0.00234899 0.565157 0.00500312
    0.00272911 0.578208 0.00434333
    -0.0132893 0.57823 0.0150582
    -0.0132894 0.565156 0.0150582
    -0.013588 0.375348 0.0137672
    0.000203602 0.388387 0.0068119
    -0.00389168 0.578224 -0.00191131
    -0.00478908 0.565206 -0.00179325
    0.0034274 1.03487 0.00523955
    -0.00728005 0.388385 -0.000269776
  faces 20
    0 1 2  4  0 1 2  1
    2 3 0  4  2 3 0  1
    4 2 1  4  4 2 1  1
    1 5 4  4  1 5 4  1
    6 7 2  4  6 7 2  1
    2 4 6  4  2 4 6  1
    8 9 10  4  8 9 10  1
    10 11 8  4  10 11 8  1
    11 12 13  4  11 12 13  1
    13 8 11  4  13 8 11  1
    10 14 15  4  10 14 15  1
    15 11 10  4  15 11 10  1
    3 2 7  4  3 2 7  1
    7 16 3  4  7 16 3  1
    16 7 10  4  16 7 10  1
    10 9 16  4  10 9 16  1
    7 6 14  4  7 6 14  1
    14 10 7  4  14 10 7  1
    11 15 17  4  11 15 17  1
    17 12 11  4  17 12 11  1
  tverts 18
    0.584466 0.912233
    0.442224 0.947321
    0.481933 0.390002
    0.584466 0.390002
    0.584466 0.390002
    0.584466 0.912233
    0.659202 0.376787
    0.481871 0.376787
    0.584466 0.272631
    0.659202 0.284731
    0.481439 0.284731
    0.481382 0.272631
    0.480373 0.0391382
    0.584466 0.05781
    0.659202 0.284731
    0.584466 0.272631
    0.659202 0.376787
    0.584466 0.05781
endnode
endmodelgeom w_Dblswrd_003
donemodel w_Dblswrd_003
