# Exported from KOTORmax 0.4.1 at 12/16/2018 8:01:22 PM
# MODEL ASCII
#local file: C:\Users\ablanche\Documents\Modding\Kotor\STAR WARS Knights of the Old Republic\Works\w_lngswrd_005\moded_model.max
filedependancy moded_model.max
newmodel w_Lngswrd_005
setsupermodel w_Lngswrd_005 NULL
classification placeable
classification_unk1 0
ignorefog 0
setanimationscale 1.0
compress_quaternions 0
headlink 0


# GEOM ASCII
beginmodelgeom w_Lngswrd_005
  bmin -5.0 -5.0 -1.0
  bmax 5.0 5.0 10.0
  radius 7.0
node dummy w_Lngswrd_005
  parent NULL
endnode
node trimesh w_Longsword05
  parent w_Lngswrd_005
  position 0.0 -0.00257477 -0.111695
  orientation 1.0 0.0 0.0 0.0
  scale 1.0
  alpha 1.0
  selfillumcolor 0.0 0.0 0.0
  diffuse 1.0 1.0 1.0
  ambient 1.0 1.0 1.0
  transparencyhint 0
  animateuv 0
  uvdirectionx 0.0
  uvdirectiony 0.0
  uvjitter 0.0
  uvjitterspeed 0.0
  lightmapped 0
  rotatetexture 0
  m_bIsBackgroundGeometry 0
  shadow 1
  beaming 0
  render 1
  dirt_enabled 0
  dirt_texture 1
  dirt_worldspace 1
  hologram_donotdraw 0
  tangentspace 0
  bitmap w_Lngswrd_005
  verts 184
    0.0026709 -0.0204155 1.05092
    -4.54712e-05 -0.0204155 1.15556
    -0.00276154 -0.0204155 1.05092
    0.00470978 -0.0204051 0.794218
    -0.00484894 -0.0204051 0.794218
    -0.0081723 -0.0203889 0.207252
    -0.00679321 -0.0203957 0.437477
    -0.000108032 0.0190245 0.207252
    -9.09431e-05 0.00287216 0.437477
    -4.54719e-05 0.00287216 1.00799
    0.0026709 -0.0204155 1.05092
    0.00470978 -0.0204051 0.794218
    -6.68342e-05 0.00287216 0.794218
    -4.54719e-05 0.00287216 1.00799
    -0.00276154 -0.0204155 1.05092
    -4.5471e-05 0.0182985 1.07995
    -4.54712e-05 -0.0204155 1.15556
    -4.54712e-05 -0.00634171 1.13204
    0.0026709 -0.0204155 1.05092
    -4.5471e-05 0.0182985 1.07995
    -4.54712e-05 -0.00634171 1.13204
    -4.54719e-05 0.00287216 1.00799
    -4.54712e-05 -0.0204155 1.15556
    -0.00294891 0.0732536 0.205314
    0.0029657 0.0732536 0.205314
    -0.00294891 0.0745285 0.203975
    0.0029657 0.0745285 0.203975
    0.0029657 -0.073179 0.20541
    -0.00294891 -0.073179 0.20541
    0.0029657 -0.0745389 0.203879
    -0.00294891 -0.0745389 0.203879
    0.0145337 -0.0242995 0.203729
    -0.0145169 -0.0242995 0.203729
    -0.00845917 -0.0632689 0.202264
    0.00847595 -0.0632689 0.202264
    -0.0145169 0.0223381 0.203729
    0.0145337 0.0223381 0.203729
    0.00847595 0.0633014 0.202264
    -0.00845917 0.0633014 0.202264
    0.0145337 0.0171124 0.196252
    -0.0145169 0.0171124 0.196252
    -0.00845917 0.0633014 0.196068
    0.00847595 0.0633014 0.196068
    -0.0145169 -0.018219 0.196252
    0.0145337 -0.018219 0.196252
    0.00847595 -0.0632689 0.196068
    -0.00845917 -0.0632689 0.196068
    0.0145337 0.0223381 0.203729
    0.0145337 0.0171124 0.196252
    0.00847595 0.0633014 0.196068
    0.00847595 0.0633014 0.202264
    0.0145337 -0.018219 0.196252
    0.0145337 -0.0242995 0.203729
    0.00847595 -0.0632689 0.202264
    0.00847595 -0.0632689 0.196068
    -0.0145169 -0.0242995 0.203729
    -0.0145169 -0.018219 0.196252
    -0.00845917 -0.0632689 0.196068
    -0.00845917 -0.0632689 0.202264
    -0.0145169 0.0171124 0.196252
    -0.0145169 0.0223381 0.203729
    -0.00845917 0.0633014 0.202264
    -0.00845917 0.0633014 0.196068
    -0.0145169 -0.0242995 0.203729
    0.0145337 -0.0242995 0.203729
    0.00795624 -0.0203889 0.207252
    -0.0081723 -0.0203889 0.207252
    -0.0145169 0.0223381 0.203729
    -0.000108032 0.0190245 0.207252
    0.0145337 0.0223381 0.203729
    -0.0117517 0.0169446 0.186555
    0.0115234 0.0167108 0.186316
    0.00646851 0.0149644 0.185075
    -0.00645752 0.0149644 0.185075
    0.0115234 0.0167108 0.186316
    -0.0117517 0.0169446 0.186555
    -0.0145169 0.0171124 0.196252
    0.0145337 0.0171124 0.196252
    -0.0127829 1.61743e-05 0.185075
    -0.01604 -0.000125122 0.186453
    -0.0117517 0.0169446 0.186555
    -0.00645752 -0.0149321 0.185075
    -0.0115305 -0.0171947 0.186351
    -0.0127829 1.61743e-05 0.185075
    -0.01604 -0.000125122 0.186453
    -0.00645752 0.0149644 0.185075
    0.0116953 -0.0173468 0.186474
    -0.0115305 -0.0171947 0.186351
    -0.00645752 -0.0149321 0.185075
    0.00646851 -0.0149321 0.185075
    -0.0115305 -0.0171947 0.186351
    0.0116953 -0.0173468 0.186474
    0.0145337 -0.018219 0.196252
    -0.0145169 -0.018219 0.196252
    0.0029657 0.0732536 0.205314
    -0.00294891 0.0732536 0.205314
    -0.00294891 0.0732536 0.205314
    -0.00294891 0.0745285 0.203975
    -0.00294891 0.0745285 0.203975
    0.0029657 0.0745285 0.203975
    0.0029657 0.0745285 0.203975
    0.0029657 0.0732536 0.205314
    -0.00294891 -0.073179 0.20541
    0.0029657 -0.073179 0.20541
    0.0029657 -0.073179 0.20541
    0.0029657 -0.0745389 0.203879
    0.0029657 -0.0745389 0.203879
    -0.00294891 -0.0745389 0.203879
    -0.00294891 -0.0745389 0.203879
    -0.00294891 -0.073179 0.20541
    0.0145337 0.0171124 0.196252
    0.016008 -0.000317993 0.186395
    0.0115234 0.0167108 0.186316
    0.0145337 -0.018219 0.196252
    0.0116953 -0.0173468 0.186474
    -0.0145169 0.0171124 0.196252
    -0.0117517 0.0169446 0.186555
    -0.01604 -0.000125122 0.186453
    -0.0145169 -0.018219 0.196252
    -0.0115305 -0.0171947 0.186351
    0.0127939 1.61743e-05 0.185075
    0.00846924 1.61743e-05 -0.0855604
    0.00646851 0.0149644 0.185075
    0.00646851 -0.0149321 0.185075
    0.00388245 -0.0112413 -0.0844337
    0.00388245 0.0112735 -0.0844337
    0.00388245 0.0112735 -0.0844337
    -0.00361694 0.0112735 -0.0844337
    -0.00645752 0.0149644 0.185075
    0.00646851 0.0149644 0.185075
    -0.00645752 0.0149644 0.185075
    -0.00846924 1.61743e-05 -0.0855604
    -0.0127829 1.61743e-05 0.185075
    -0.00361694 0.0112735 -0.0844337
    -0.00361694 -0.0112413 -0.0844337
    -0.00645752 -0.0149321 0.185075
    -0.00361694 -0.0112413 -0.0844337
    0.00388245 -0.0112413 -0.0844337
    0.00646851 -0.0149321 0.185075
    -0.00645752 -0.0149321 0.185075
    0.00440765 -0.0143475 -0.0969278
    0.0106763 1.61743e-05 -0.0989489
    0.00846924 1.61743e-05 -0.0855604
    0.00388245 -0.0112413 -0.0844337
    0.00440765 0.0143799 -0.0969278
    0.00388245 0.0112735 -0.0844337
    0.00440765 0.0143799 -0.0969278
    -0.00414215 0.0143799 -0.0969278
    -0.00361694 0.0112735 -0.0844337
    0.00388245 0.0112735 -0.0844337
    -0.00414215 0.0143799 -0.0969278
    -0.0106763 1.61743e-05 -0.0989489
    -0.00846924 1.61743e-05 -0.0855604
    -0.00361694 0.0112735 -0.0844337
    -0.00414215 -0.0143475 -0.0969278
    -0.00361694 -0.0112413 -0.0844337
    -0.00414215 -0.0143475 -0.0969278
    0.00440765 -0.0143475 -0.0969278
    0.00388245 -0.0112413 -0.0844337
    -0.00361694 -0.0112413 -0.0844337
    -0.00414215 -0.0143475 -0.0969278
    0.0106763 1.61743e-05 -0.0989489
    0.00440765 -0.0143475 -0.0969278
    -0.0106763 1.61743e-05 -0.0989489
    0.00440765 0.0143799 -0.0969278
    -0.00414215 0.0143799 -0.0969278
    0.0127939 1.61743e-05 0.185075
    0.0115234 0.0167108 0.186316
    0.016008 -0.000317993 0.186395
    0.00646851 0.0149644 0.185075
    0.0116953 -0.0173468 0.186474
    0.00646851 -0.0149321 0.185075
    -0.00679321 -0.0203957 0.437477
    0.00660889 -0.0203957 0.437477
    -0.00484894 -0.0204051 0.794218
    -0.00276154 -0.0204155 1.05092
    -4.54719e-05 0.00287216 1.00799
    -6.68342e-05 0.00287216 0.794218
    0.00660889 -0.0203957 0.437477
    -9.09431e-05 0.00287216 0.437477
    -0.0081723 -0.0203889 0.207252
    0.00795624 -0.0203889 0.207252
    0.00795624 -0.0203889 0.207252
    -0.000108032 0.0190245 0.207252
  faces 122
    0 1 2  1  0 1 2  3
    0 2 3  1  0 2 3  3
    4 3 2  1  4 3 2  3
    5 6 7  1  5 6 7  1
    8 7 6  1  8 7 6  1
    9 10 11  1  9 10 11  1
    11 12 9  1  11 12 9  1
    13 14 15  1  13 14 15  1
    16 17 14  1  16 17 14  1
    15 14 17  1  15 14 17  1
    18 19 20  1  18 19 20  1
    18 21 19  1  18 21 19  1
    20 22 18  1  20 22 18  1
    23 24 25  1  23 24 25  4
    26 25 24  1  26 25 24  4
    27 28 29  1  27 28 29  3
    30 29 28  1  30 29 28  3
    31 32 33  1  31 32 33  3
    33 34 31  1  33 34 31  3
    35 36 37  1  35 36 37  4
    37 38 35  1  37 38 35  4
    39 40 41  1  39 40 41  4
    41 42 39  1  41 42 39  4
    43 44 45  1  43 44 45  3
    45 46 43  1  45 46 43  3
    47 48 49  1  47 48 49  5
    49 50 47  1  49 50 47  5
    51 52 53  1  51 52 53  5
    53 54 51  1  53 54 51  5
    55 56 57  1  55 56 57  6
    57 58 55  1  57 58 55  6
    59 60 61  1  59 60 61  6
    61 62 59  1  61 62 59  6
    63 64 65  1  63 64 65  1
    65 66 63  1  65 66 63  1
    67 63 66  1  67 63 66  1
    66 68 67  1  66 68 67  1
    69 67 68  1  69 67 68  1
    65 69 68  1  65 69 68  1
    69 65 64  1  69 65 64  1
    47 52 48  1  47 52 48  5
    51 48 52  1  51 48 52  5
    55 60 56  1  55 60 56  6
    59 56 60  1  59 56 60  6
    70 71 72  1  70 71 72  2
    72 73 70  1  72 73 70  2
    74 75 76  1  74 75 76  2
    76 77 74  1  76 77 74  2
    78 79 80  1  78 79 80  2
    78 81 82  1  78 81 82  2
    83 82 84  1  83 82 84  2
    78 80 85  1  78 80 85  2
    86 87 88  1  86 87 88  2
    88 89 86  1  88 89 86  2
    90 91 92  1  90 91 92  2
    92 93 90  1  92 93 90  2
    38 37 94  1  38 37 94  4
    94 95 38  1  94 95 38  4
    62 61 96  1  62 61 96  4
    96 97 62  1  96 97 62  4
    42 41 98  1  42 41 98  4
    98 99 42  1  98 99 42  4
    50 49 100  1  50 49 100  4
    100 101 50  1  100 101 50  4
    34 33 102  1  34 33 102  3
    102 103 34  1  102 103 34  3
    54 53 104  1  54 53 104  3
    104 105 54  1  104 105 54  3
    46 45 106  1  46 45 106  3
    106 107 46  1  106 107 46  3
    58 57 108  1  58 57 108  3
    108 109 58  1  108 109 58  3
    110 111 112  1  110 111 112  2
    113 111 110  1  113 111 110  2
    113 114 111  1  113 114 111  2
    115 116 117  1  115 116 117  2
    115 117 118  1  115 117 118  2
    117 119 118  1  117 119 118  2
    120 121 122  1  120 121 122  2
    121 123 124  1  121 123 124  2
    121 125 122  1  121 125 122  2
    126 127 128  1  126 127 128  2
    128 129 126  1  128 129 126  2
    130 131 132  1  130 131 132  2
    131 130 133  1  131 130 133  2
    131 134 135  1  131 134 135  2
    135 132 131  1  135 132 131  2
    136 137 138  1  136 137 138  2
    138 139 136  1  138 139 136  2
    140 141 142  1  140 141 142  2
    142 143 140  1  142 143 140  2
    142 144 145  1  142 144 145  2
    144 142 141  1  144 142 141  2
    146 147 148  1  146 147 148  2
    148 149 146  1  148 149 146  2
    150 151 152  1  150 151 152  2
    152 153 150  1  152 153 150  2
    152 154 155  1  152 154 155  2
    154 152 151  1  154 152 151  2
    156 157 158  1  156 157 158  2
    158 159 156  1  158 159 156  2
    160 161 162  1  160 161 162  1
    163 161 160  1  163 161 160  1
    164 161 163  1  164 161 163  1
    164 163 165  1  164 163 165  1
    166 167 168  1  166 167 168  2
    166 169 167  1  166 169 167  2
    166 170 171  1  166 170 171  2
    166 168 170  1  166 168 170  2
    4 172 3  1  4 172 3  3
    173 3 172  1  173 3 172  3
    174 175 176  1  174 175 176  1
    176 177 174  1  176 177 174  1
    11 178 12  1  11 178 12  1
    179 12 178  1  179 12 178  1
    6 174 8  1  6 174 8  1
    177 8 174  1  177 8 174  1
    172 180 173  1  172 180 173  3
    181 173 180  1  181 173 180  3
    178 182 179  1  178 182 179  1
    183 179 182  1  183 179 182  1
    123 121 120  1  123 121 120  2
  tverts 184
    0.388737 0.988179
    0.389089 0.987673
    0.38953 0.988179
    0.388439 0.98709
    0.389835 0.98709
    0.20952 0.181836
    0.209555 0.828309
    0.00413837 0.181836
    0.0133565 0.805698
    0.0133565 0.805698
    0.206144 0.964821
    0.213473 0.0884712
    0.00800672 0.0884714
    0.985034 0.218068
    0.920981 0.000311732
    0.829449 0.219182
    0.551086 0.121592
    0.646828 0.148156
    0.920981 0.000311732
    0.829449 0.219182
    0.646828 0.148156
    0.985034 0.218068
    0.551086 0.121592
    0.948641 0.598781
    0.865447 0.598781
    0.948641 0.570507
    0.865447 0.570507
    0.865447 0.598781
    0.948641 0.598781
    0.865447 0.570507
    0.948641 0.570507
    0.963651 0.504151
    0.825934 0.504151
    0.854652 0.314444
    0.934934 0.314444
    0.825935 0.731189
    0.963651 0.731189
    0.934934 0.930603
    0.854652 0.930603
    0.823633 0.648262
    0.96633 0.648262
    0.936574 0.907314
    0.853389 0.907314
    0.96633 0.648262
    0.823633 0.648262
    0.853389 0.907314
    0.936574 0.907314
    0.636608 0.678395
    0.540606 0.652995
    0.538239 0.877504
    0.617805 0.877504
    0.540606 0.48126
    0.636608 0.451705
    0.617804 0.262287
    0.538239 0.262287
    0.636608 0.451705
    0.540606 0.48126
    0.538239 0.262287
    0.617804 0.262287
    0.540606 0.652995
    0.636608 0.678395
    0.617805 0.877504
    0.538239 0.877504
    0.825934 0.504151
    0.963651 0.504151
    0.932471 0.523189
    0.856011 0.523189
    0.825935 0.731189
    0.894241 0.715058
    0.963651 0.731189
    0.788673 0.445086
    0.672837 0.452232
    0.68243 0.409494
    0.760367 0.412997
    0.826947 0.503921
    0.967144 0.504378
    0.983676 0.558927
    0.809975 0.558927
    0.935615 0.27489
    0.936172 0.332744
    0.724952 0.330318
    0.751362 0.27489
    0.724952 0.330318
    0.936172 0.332744
    0.935615 0.27489
    0.751362 0.27489
    0.672837 0.452232
    0.788673 0.445086
    0.760367 0.412997
    0.68243 0.409494
    0.967144 0.504378
    0.826947 0.503921
    0.809975 0.558927
    0.983676 0.558927
    0.908813 0.979051
    0.880773 0.979051
    0.656963 0.925879
    0.639775 0.932076
    0.909508 0.97212
    0.880455 0.97212
    0.639775 0.932076
    0.656963 0.925879
    0.880773 0.2662
    0.908813 0.2662
    0.658199 0.214118
    0.638536 0.207508
    0.880455 0.97212
    0.909508 0.97212
    0.638536 0.207508
    0.658199 0.214118
    0.841488 0.329123
    0.74874 0.260882
    0.834083 0.259843
    0.659335 0.328759
    0.657184 0.260112
    0.841488 0.329123
    0.834083 0.259843
    0.74874 0.260882
    0.659335 0.328759
    0.657184 0.260112
    0.495513 0.937433
    0.501433 0.192635
    0.26852 0.934356
    0.26852 0.934356
    0.337066 0.195051
    0.337066 0.195051
    0.270247 0.196406
    0.319907 0.194206
    0.296896 0.933459
    0.251642 0.934572
    0.26852 0.934356
    0.501433 0.192635
    0.495513 0.937433
    0.337066 0.195051
    0.337066 0.195051
    0.26852 0.934356
    0.319907 0.194206
    0.270247 0.196406
    0.251642 0.934572
    0.296896 0.933459
    0.343503 0.143095
    0.49946 0.148631
    0.501433 0.192635
    0.337066 0.195051
    0.343503 0.143095
    0.337066 0.195051
    0.271455 0.143058
    0.320372 0.143058
    0.319907 0.194206
    0.270247 0.196406
    0.343503 0.143095
    0.49946 0.148631
    0.501433 0.192635
    0.337066 0.195051
    0.343503 0.143095
    0.337066 0.195051
    0.320372 0.143058
    0.271455 0.143058
    0.270247 0.196406
    0.319907 0.194206
    0.72173 0.945146
    0.774465 0.871951
    0.72173 0.902915
    0.774465 0.977422
    0.72173 0.902915
    0.72173 0.945146
    0.936172 0.332744
    0.724952 0.330318
    0.935615 0.27489
    0.751362 0.27489
    0.724952 0.330318
    0.751362 0.27489
    0.389926 0.988001
    0.387968 0.988001
    0.213473 0.0884714
    0.206144 0.964821
    0.0133565 0.805698
    0.00800672 0.0884714
    0.209555 0.828309
    0.0133565 0.805698
    0.390241 0.987153
    0.387886 0.987153
    0.20952 0.181836
    0.00413837 0.181836
endnode
node trimesh electro
  parent w_Lngswrd_005
  position 0.000759034 0.00102253 0.0282834
  orientation 0.270955 -0.678868 -0.682438 -3.67298
  scale 1.0
  alpha 1.0
  selfillumcolor 0.0 0.0 0.0
  diffuse 1.0 1.0 1.0
  ambient 1.0 1.0 1.0
  transparencyhint 0
  animateuv 0
  uvdirectionx 0.0
  uvdirectiony 0.0
  uvjitter 0.0
  uvjitterspeed 0.0
  lightmapped 0
  rotatetexture 0
  m_bIsBackgroundGeometry 0
  shadow 1
  beaming 0
  render 1
  dirt_enabled 0
  dirt_texture 0
  dirt_worldspace 0
  hologram_donotdraw 0
  tangentspace 0
  inv_count 0
  bitmap dm_cyb_glow_g1
  verts 18
    0.00755835 0.939831 0.00259914
    -0.0117808 0.935089 0.0180903
    -0.0110546 0.610523 0.0144294
    0.00677853 0.61053 0.0020614
    0.000297557 0.610523 -0.00248804
    -0.000481998 0.939806 0.00237555
    0.00217984 0.596418 -0.00365682
    -0.0110611 0.596442 0.0144234
    0.00640846 0.40128 0.00204764
    0.00678858 0.41433 0.00138785
    -0.0114246 0.414348 0.0144157
    -0.0114246 0.401273 0.0144157
    -0.0130901 0.0708388 0.0157601
    0.00750045 0.0749673 0.00147083
    0.00143157 0.414326 -0.00402948
    -0.000457204 0.401275 -0.00286681
    0.00715223 0.596425 0.00139549
    -0.00228652 0.0749603 -0.00376216
  faces 20
    0 1 2  4  0 1 2  1
    2 3 0  4  2 3 0  1
    4 2 1  4  4 2 1  1
    1 5 4  4  1 5 4  1
    6 7 2  4  6 7 2  1
    2 4 6  4  2 4 6  1
    8 9 10  4  8 9 10  1
    10 11 8  4  10 11 8  1
    11 12 13  4  11 12 13  1
    13 8 11  4  13 8 11  1
    10 14 15  4  10 14 15  1
    15 11 10  4  15 11 10  1
    3 2 7  4  3 2 7  1
    7 16 3  4  7 16 3  1
    16 7 10  4  16 7 10  1
    10 9 16  4  10 9 16  1
    7 6 14  4  7 6 14  1
    14 10 7  4  14 10 7  1
    11 15 17  4  11 15 17  1
    17 12 11  4  17 12 11  1
  tverts 18
    0.584466 0.912233
    0.442224 0.947321
    0.481933 0.390002
    0.584466 0.390002
    0.584466 0.390002
    0.584466 0.912233
    0.659202 0.376787
    0.481871 0.376787
    0.584466 0.272631
    0.659202 0.284731
    0.481439 0.284731
    0.481382 0.272631
    0.480373 0.0391382
    0.584466 0.05781
    0.659202 0.284731
    0.584466 0.272631
    0.659202 0.376787
    0.584466 0.05781
endnode
node trimesh electro_glow
  parent w_Lngswrd_005
  position -0.000647433 0.000796042 -0.0850612
  orientation 0.27371 -0.679504 -0.680703 -3.66705
  scale 1.0
  alpha 1.0
  selfillumcolor 0.0 0.529412 1.0
  diffuse 1.0 1.0 1.0
  ambient 1.0 1.0 1.0
  transparencyhint 0
  animateuv 0
  uvdirectionx 0.0
  uvdirectiony 0.0
  uvjitter 0.0
  uvjitterspeed 0.0
  lightmapped 0
  rotatetexture 0
  m_bIsBackgroundGeometry 0
  shadow 0
  beaming 0
  render 1
  dirt_enabled 0
  dirt_texture 0
  dirt_worldspace 0
  hologram_donotdraw 0
  tangentspace 0
  inv_count 0
  bitmap dm_cyb_glow_g2
  verts 7
    -0.0323699 1.05065 0.0250476
    -0.0164382 1.05064 0.00844721
    -0.015891 0.185768 0.0122187
    -0.043518 1.03958 0.0373784
    -0.0392784 0.218106 0.0371383
    -0.030611 0.187442 0.0278733
    -0.0387755 0.218106 0.0371383
  faces 8
    1 0 2  4  1 0 2  1
    0 3 2  4  0 3 2  1
    3 4 2  4  3 4 2  1
    2 4 5  4  2 4 5  1
    2 0 1  4  2 0 1  1
    2 3 0  4  2 3 0  1
    2 6 3  4  2 6 3  1
    5 6 2  4  5 6 2  1
  tverts 7
    0.534916 0.948983
    0.375712 0.949649
    0.375712 0.0496483
    0.652423 0.880939
    0.656213 0.0998623
    0.546287 0.0496483
    0.656213 0.0998623
endnode
endmodelgeom w_Lngswrd_005
donemodel w_Lngswrd_005
